varName,varType,n,beta,lower,upper,pvalue
"1588",INTEGER,192037,0.0235782561124351,0.0140811335792012,0.033075378645669,1.136870964858e-06
"1598",INTEGER,191337,0.00657640031435968,-0.00247562044316908,0.0156284210718885,0.154483412239043
"1608",INTEGER,191962,-0.00336952367928617,-0.0182712819045047,0.0115322345459323,0.657662184215497
"1628",CAT-SIN,251379,0.0175428005068544,0.0101570095275842,0.0249285914861246,3.22994543790115e-06
"1687",CAT-SIN,267132,0.00186573450460694,-0.0053587055167998,0.00909017452601369,0.612775401118573
"1697",CAT-SIN,267453,-0.0324844949124284,-0.0397525999040523,-0.0252163899208045,1.94001330599615e-18
"1717",CAT-SIN,268307,0.0100503160961579,0.00168484812199334,0.0184157840703225,0.018535998842336
"1727",CAT-SIN,266568,-0.00815288784031749,-0.015056924119155,-0.00124885156148,0.0206377443528404
"1737",INTEGER,202513,-0.00367523522678494,-0.0121652259469295,0.00481475549335962,0.3961724417907
"1757",CAT-SIN,248596,0.00135787962209952,-0.00755364577259778,0.0102694050167968,0.765216986063962
"1873",INTEGER,267707,0.00897047234332388,0.00200314049419079,0.015937804192457,0.0117050580653131
"1883",INTEGER,267753,0.00591055107878415,-0.00111296439590868,0.012934066553477,0.0992114836724625
"2050",CAT-SIN,259886,0.0112200528720388,0.00208307241031896,0.0203570333337587,0.0160903625044792
"2060",CAT-SIN,262840,0.0173304798627721,0.007859526361712,0.0268014333638322,0.000335073069740035
"2070",CAT-SIN,261447,0.00902406464536036,0.000319362334359937,0.0177287669563608,0.0421564291194376
"2080",CAT-SIN,263547,0.0095389922034754,0.00221871225181307,0.0168592721551377,0.0106450575917396
"2110",CAT-SIN,263781,-0.00546367707213313,-0.0126934022017752,0.00176604805750896,0.138550709859837
"2149",INTEGER,221145,0.00304970133227106,-0.00480612589744606,0.0109055285619882,0.446724229881108
"2178",CAT-SIN,270826,0.0211812739710629,0.0138386841318662,0.0285238638102596,1.57317912503175e-08
"2237",CAT-SIN,271734,0.00850093943429175,-0.000723076595179128,0.0177249554637626,0.0708607998317951
"2267",CAT-SIN,270236,0.000565143932813063,-0.0063616426350106,0.00749193050063673,0.872952232833634
"2277",INTEGER,257043,0.0105056458768203,-0.0082051944835863,0.029216486237227,0.27107743582913
"2296",CAT-SIN,271366,0.0145103224237408,0.00516675565202751,0.0238538891954541,0.00233539133446117
"2306",CAT-SIN,267277,0.00506929204779044,-0.00229929603494956,0.0124378801305304,0.177536948435026
"2355",INTEGER,63768,0.000330309060281796,-0.0157358663158992,0.0163964844364628,0.967951093255522
"2375",CAT-SIN,120275,-0.0094557115757735,-0.0238720591606898,0.00496063600914277,0.198589966760579
"2385",CAT-SIN,114962,-0.0190139302947099,-0.0384915441408363,0.000463683551416513,0.0557001774200569
"2405",INTEGER,123479,-0.00916112604524621,-0.0208338335561096,0.00251158146561714,0.123976197272387
"2624",CAT-SIN,107897,0.0011177488391371,-0.00957210660816972,0.0118076042864439,0.83759650427971
"2634",CAT-SIN,108063,0.00443867830038376,-0.00608567622243118,0.0149630328231987,0.408453069447002
"2684",INTEGER,89512,0.012310965301828,-0.00110894613907148,0.0257308767427274,0.0721662825012964
"2704",INTEGER,113325,0.0136079000837855,0.00219733391518496,0.0250184662523859,0.0194134633617978
"2714",INTEGER,143158,-0.019062889021386,-0.028704190792169,-0.00942158725060304,0.000106430450593119
"2734",INTEGER,147319,0.0053615574945361,-0.00398882370276549,0.0147119386918377,0.261010949434825
"2744",INTEGER,118768,-0.0214491128726172,-0.0317235394120628,-0.0111746863331716,4.28104330947996e-05
"2887",INTEGER,64080,0.00944143752354411,-0.0060652374997228,0.024948112546811,0.232721695589898
"2926",INTEGER,61552,0.00736625491189729,-0.00729100537155647,0.022023515195351,0.32459468774452
"3061",INTEGER,247511,0.000284357062967598,-0.00698732933283654,0.00755604345877174,0.938907128489433
"3077",CAT-SIN,271224,-0.013789601513486,-0.023395375603901,-0.00418382742307106,0.0048965255650937
"3082",CAT-SIN,179619,0.177346284888127,0.0596127459929537,0.295079823783299,0.00314913068063264
"3088",CAT-SIN,271621,0.00976262774072787,-0.00386266122782903,0.0233879167092848,0.160206747287287
"3137",INTEGER,247511,-0.00416664844741448,-0.0131942015678047,0.00486090467297577,0.216666491616736
"3140",CAT-SIN,147298,0.000210202750346721,-0.155990823081149,0.156411228581842,0.997893950242753
"3426",CAT-SIN,24552,0.0305136863438284,0.0068958524165706,0.0541315202710861,0.0113258156165751
"3456",INTEGER,20478,0.0464153249823381,0.0203640744814512,0.0724665754832251,0.000478006659937222
"3466",CAT-SIN,20539,-0.047535478597967,-0.0723053995762141,-0.0227655576197198,0.000168752626862742
"3506",CAT-SIN,22249,-0.0159614378806386,-0.040756043737049,0.00883316797577181,0.207031160409509
"3637",CAT-SIN,126637,-0.00296008879775445,-0.0128474491119704,0.00692727151646148,0.557357225260506
"3647",CAT-SIN,126765,0.00318721306327831,-0.00682305102210592,0.0131974771486625,0.532592666080575
"3669",INTEGER,6637,-0.0231370997845012,-0.0680532170599938,0.0217790174909914,0.312655789687541
"3710",INTEGER,23069,0.00965232467685624,-0.0159443556837695,0.035249005037482,0.459838765473595
"3809",INTEGER,27324,-0.0108496398737301,-0.0346733433279857,0.0129740635805256,0.372058120435978
"3829",INTEGER,45465,0.0379207638240649,0.00354976426672197,0.0722917633814078,0.0305831063986107
"3839",INTEGER,45344,-0.000692422489772214,-0.017993189618863,0.0166083446393186,0.937484827827424
"3849",INTEGER,45191,-0.00619903066809809,-0.02468855636282,0.0122904950266238,0.511158009360852
"3972",INTEGER,3223,0.048217357071501,-0.0235774369369059,0.120012151079908,0.187916497615731
"3982",INTEGER,3251,0.00235936628623329,-0.0702539218175562,0.0749726543900227,0.949209345320997
"4093",CAT-SIN,92356,0.0245707511405343,-0.0850948096247066,0.134236311905775,0.660564592214109
"4096",CAT-SIN,92398,-0.0195115006887482,-0.116047465648681,0.0770244642711847,0.691991419794533
