varName,varType,n,beta,lower,upper,pvalue
"134",INTEGER,271836,-0.0035624428577221,-0.0169029715127595,0.00977808579731534,0.600589032926441
"135",INTEGER,271842,0.0110958483106591,0.00390697673324234,0.0182847198880759,0.00248425947718633
"137",INTEGER,271842,0.0198112132564012,0.0127714195934825,0.0268510069193198,3.46705549337662e-08
"398",INTEGER,271879,-0.0209957178367652,-0.0438658939473868,0.00187445827385645,0.0719968002779327
"403",INTEGER,271092,-0.00645444028864152,-0.0179894440323102,0.00508056345502719,0.273217898234185
"709",INTEGER,270282,-0.000630814668774861,-0.00792532172786178,0.00666369239031206,0.865332561095146
"728",CAT-SIN,270121,-0.0064800789981394,-0.0135202862678126,0.000560128271533841,0.0712214211578169
"738",CAT-SIN,231879,-0.0291904515547951,-0.0365157988236608,-0.0218651042859293,5.68770282923915e-15
"777",INTEGER,147590,0.017836717481754,0.0072929123766142,0.0283805225868939,0.000913623826033514
"806",CAT-SIN,147492,0.0255942972983828,0.0163457579418169,0.0348428366549487,5.81610019249911e-08
"816",CAT-SIN,147521,0.0281950843368732,0.0177242460185695,0.038665922655177,1.30443265820989e-07
"826",CAT-SIN,147362,0.0218780197408545,0.00810057883896233,0.0356554606427467,0.00185496687505043
"845",INTEGER,188769,-0.0245797315525584,-0.0330182905769747,-0.0161411725281421,1.13351507262713e-08
"864",INTEGER,266931,0.0230451361485728,0.0160684561659782,0.0300218161311673,9.50913771944693e-11
"884",INTEGER,257688,0.00401188609396169,-0.00274505865352613,0.0107688308414495,0.244528951939114
"894",INTEGER,200582,0.00119587536622808,-0.0069845444706962,0.00937629520315236,0.774485676419507
"904",INTEGER,257794,-0.00311476893623258,-0.0100481723012089,0.00381863442874372,0.378583766148676
"924",CAT-SIN,270180,-0.0241767250259223,-0.0315794567466525,-0.0167739933051921,1.53654043925953e-10
"943",CAT-SIN,269419,-0.0123289114844029,-0.0190983740435802,-0.00555944892522566,0.000357729083709764
"971",CAT-SIN,192672,0.0149735524348592,0.0070655878912772,0.0228815169784412,0.000206220055850303
"981",CAT-SIN,192565,-0.00365944068393476,-0.0116578591129181,0.00433897774504855,0.369961349107486
"991",CAT-SIN,25672,-0.00269822841549061,-0.024835806151632,0.0194393493206508,0.81115453053586
"1001",CAT-SIN,25690,-0.00906708138492515,-0.0314063257137781,0.0132721629439278,0.426320041947976
"1011",CAT-SIN,135047,0.00156171206021844,-0.00794632457622373,0.0110697486966606,0.747504855388343
"1021",CAT-SIN,134265,-0.00243926736258452,-0.0119640930733072,0.00708555834813812,0.615704158953853
"1031",CAT-SIN,270452,-0.00720101867092545,-0.0140225413096843,-0.000379496032166558,0.0385340026294704
"1050",INTEGER,246715,0.020461102771336,0.0131452231831843,0.0277769823594877,4.20549590781498e-08
"1060",INTEGER,215679,0.0233140714382076,0.0147687850825366,0.0318593577938785,8.89718025996283e-08
"1070",INTEGER,258756,0.0273713466168126,0.0197503256235405,0.0349923676100847,1.92081697879755e-12
"1080",INTEGER,213102,-0.0278995369006004,-0.0357773942839067,-0.0200216795172941,3.86586584335492e-12
"1090",INTEGER,182770,-0.00489724416886595,-0.0134923130724112,0.00369782473467927,0.264090239084772
"1100",CAT-SIN,244512,-0.0203610375691106,-0.0280437837731002,-0.012678291365121,2.05078585109905e-07
"1110",CAT-SIN,268280,-0.0145506407213244,-0.0214102745592975,-0.00769100688335134,3.22613931719666e-05
"1120",CAT-SIN,225846,0.000391008873626022,-0.00709889913921856,0.0078809168864706,0.918517521824849
"1130",CAT-SIN,227121,-0.0123085385796362,-0.0237241465515275,-0.000892930607744983,0.034573088584244
"1140",CAT-SIN,223685,-0.00491191717866698,-0.0129917971233622,0.00316796276602824,0.233445344395967
"1170",CAT-SIN,271540,0.00795907088752219,0.000787702911337942,0.0151304388637064,0.0296104992935192
"1180",CAT-SIN,243022,0.00755169710856893,0.000332972547060214,0.0147704216700776,0.0403019637079799
"1190",CAT-SIN,271762,0.00186144164029262,-0.00567543429173477,0.00939831757232002,0.62832988855161
"1200",CAT-SIN,271669,0.00164097804066637,-0.00543660830195386,0.0087185643832866,0.649511511080011
"1220",CAT-SIN,270877,0.00829259571604087,-0.000617339047452939,0.0172025304795347,0.0682452637520747
"1239",CAT-SIN,271732,0.0183262213382882,0.00607616194517315,0.0305762807314033,0.00336466823553571
"1249",CAT-SIN,248758,0.000269310985289935,-0.00697199539471431,0.00751061736529418,0.941892080130524
"1259",CAT-SIN,249359,0.0126153158133867,-0.000444539127606282,0.0256751707543796,0.0583238136920267
"1269",INTEGER,244284,0.0226418016831516,0.00546145985486557,0.0398221435114376,0.00979205825183112
"1279",INTEGER,228101,0.0248270885403473,0.0143415165521419,0.0353126605285526,3.46628516062171e-06
"1289",INTEGER,263706,-0.00164639821251985,-0.00891446782910623,0.00562167140406654,0.65705649789349
"1299",INTEGER,255734,0.00189691028909186,-0.00578181014894137,0.00957563072712508,0.628215283304978
"1309",INTEGER,262286,-0.00618373343580901,-0.0138018616543083,0.00143439478269024,0.111601519143501
"1319",INTEGER,248579,-0.0147680782771267,-0.0226324931625964,-0.00690366339165696,0.000232624588500134
"1329",CAT-SIN,270528,-0.00209828853511632,-0.0089941025024967,0.00479752543226406,0.550877518287374
"1339",CAT-SIN,270828,0.00523888322014733,-0.00187890813024637,0.012356674570541,0.149038549447131
"1349",CAT-SIN,271459,0.0124418804232259,0.00560818069558825,0.0192755801508636,0.000358963755417267
"1359",CAT-SIN,271385,-0.00233612340154063,-0.00940509803661146,0.0047328512335302,0.517151411486365
"1369",CAT-SIN,270865,0.01117447693371,0.00413674793214711,0.018212205935273,0.00185699227441852
"1379",CAT-SIN,270261,0.00277143196943169,-0.0045627752287969,0.0101056391676603,0.458880129653761
"1389",CAT-SIN,270360,0.00647475394956559,-0.000892840020166043,0.0138423479192972,0.0850289339116204
"1408",CAT-SIN,265339,-0.00348319972337675,-0.0104882784142028,0.00352187896744926,0.329759610897456
"1458",INTEGER,260031,-0.0144077441640267,-0.0215552073109721,-0.00726028101708137,7.78168189305517e-05
"1478",CAT-SIN,271846,-0.00686289963857253,-0.0141572954748293,0.000431496197684247,0.0651656430932103
"1518",CAT-SIN,269027,0.00333063576991187,-0.00462018733292615,0.0112814588727499,0.411614893972268
"1528",INTEGER,251225,-0.0118316281170412,-0.0191595600870339,-0.00450369614704843,0.00155260360536736
"1548",CAT-SIN,271173,0.0134439902887868,0.00598893910053706,0.0208990414770365,0.000408894059618661
"1558",CAT-SIN,271662,0.00617155411538577,-0.000496121957630418,0.012839230188402,0.0696538490229006
"1568",INTEGER,191627,-0.00697649141490348,-0.0152311004838845,0.00127811765407752,0.0974407072879549
"1578",INTEGER,191505,-0.00998496471689896,-0.0184495185434116,-0.00152041089038636,0.0207716260923035
