varName,varType,n,beta,lower,upper,pvalue
"22653",INTEGER,1212,-0.0136407921034178,-0.0696041397967155,0.0423225555898798,0.632584387651967
"22663",INTEGER,45601,0.00172405592405852,-0.00683378525234742,0.0102818971004645,0.692945637963942
"22664",INTEGER,26417,0.00435179285488593,-0.00664845862389129,0.0153520443336631,0.438102047808205
"23000",INTEGER,5301,0.0175919842796193,-0.00955929641618609,0.0447432649754246,0.204069361468867
"23001",INTEGER,5301,0.0132139163160874,-0.0143087885244512,0.040736621156626,0.346638651355685
"23002",INTEGER,5301,-0.00522252935859825,-0.0324223239622756,0.0219772652450791,0.706626152084981
"23003",INTEGER,5301,0.0163480421538013,-0.0111641152560704,0.0438601995636731,0.244112039294575
"23004",INTEGER,5301,0.0207700888781611,-0.00674563065080239,0.0482858084071246,0.138984399624179
"23005",INTEGER,5301,0.0260918470269286,-0.00104909320227463,0.0532327872561319,0.059533816765438
"23006",INTEGER,5301,-0.00729889762550345,-0.0344615785298191,0.0198637832788122,0.598366028114978
"23007",INTEGER,5301,-0.0139295414624312,-0.0410838091748742,0.0132247262500118,0.314630649652587
"23008",INTEGER,5301,-0.0094783868892548,-0.0366561048586957,0.0176993310801861,0.494191202215321
"23009",INTEGER,5301,-0.0170609434118064,-0.0443267077756607,0.0102048209520478,0.219995796724411
"23010",INTEGER,5301,-0.00294657741568786,-0.0304186869419308,0.0245255321105551,0.833466534941304
"23011",INTEGER,5301,0.000410336231212632,-0.027112935492482,0.0279336079549072,0.976684483822255
"23012",INTEGER,5301,0.00499280991406559,-0.0223738899557598,0.032359509783891,0.720612188888028
"23013",INTEGER,5301,-0.00775952026028806,-0.0348307851964282,0.0193117446758521,0.574194899963309
"23014",INTEGER,5301,0.0372004497345459,0.0097575067033489,0.0646433927657429,0.00789711757908902
"23015",INTEGER,5301,0.012371135988559,-0.0150710913535606,0.0398133633306786,0.376862210748465
"23017",INTEGER,5301,0.0210929060158237,-0.00641771826011159,0.048603530291759,0.132876885227742
"23019",INTEGER,5301,0.00574681574158503,-0.0216928280935451,0.0331864595767152,0.68139817312176
"23020",INTEGER,5301,0.0136456671758726,-0.013745616481298,0.0410369508330432,0.3287971945139
"23021",INTEGER,5301,0.0103670605461913,-0.0169206636748412,0.0376547847672238,0.456429691552293
"23022",INTEGER,5301,0.00498643215358791,-0.0222474207386698,0.0322202850458456,0.719650283770657
"23023",INTEGER,5301,0.0190732029372654,-0.00834570951379437,0.0464921153883251,0.17271798796084
"23024",INTEGER,5301,-0.00797486650046184,-0.0354866211709509,0.0195368881700273,0.569877608413729
"23025",INTEGER,5301,0.0110754766677132,-0.0163945695238197,0.0385455228592461,0.429325781514764
"23026",INTEGER,5301,0.0242478848408624,-0.0030523794692617,0.0515481491509865,0.0817025629785107
"23027",INTEGER,5301,0.00670537911676749,-0.0207451609413578,0.0341559191748927,0.632049071363941
"23028",INTEGER,5301,-0.0221176361157458,-0.0495399499126081,0.00530467768111644,0.113896012576479
"23029",INTEGER,5301,0.0160572780602026,-0.01140414331284,0.0435186994332451,0.251724929746047
"23031",INTEGER,5301,0.0231649523675727,-0.00423913587657395,0.0505690406117193,0.0975471248788664
"23032",INTEGER,5301,0.0201816529178834,-0.00732463652231201,0.0476879423580788,0.150386749051937
"23033",INTEGER,5301,0.0100320137731284,-0.0174044154577118,0.0374684430039687,0.473518915143098
"23034",INTEGER,5301,0.00155699279453669,-0.0259284798631839,0.0290424654522573,0.911578404548615
"23036",INTEGER,5301,-0.0126962989315664,-0.040142344134187,0.0147497462710541,0.36451702308514
"23037",INTEGER,5301,-0.00369852079056775,-0.0312447016106182,0.0238476600294827,0.792393456652201
"23039",INTEGER,2697,0.00891584577801695,-0.0295726513945554,0.0474043429505893,0.649700119213723
"23040",INTEGER,5301,0.0080147737988984,-0.0192794871131971,0.0353090347109939,0.564868247260516
"23041",INTEGER,5301,0.0262795130408766,-0.000959686707514874,0.0535187127892681,0.0586330676709263
"23042",INTEGER,5301,0.0203087872688914,-0.00684271981712652,0.0474602943549094,0.142612489767282
"23043",INTEGER,5301,0.019247671082524,-0.00806536129715943,0.0465607034622074,0.167178852958575
"23044",INTEGER,5301,0.0105539282639674,-0.0167445373969674,0.0378523939249023,0.448532582199879
"23098",CONTINUOUS,266878,-0.00645699820186501,-0.00979402337369786,-0.00311997303003215,0.000149193890908515
"23099",CONTINUOUS,266720,0.00877306038658781,0.00592488272506473,0.0116212380481109,1.57037022603696e-09
"23100",CONTINUOUS,266435,0.00365465134343246,-1.32469435334048e-05,0.00732254963039832,0.0508331702017634
"23101",CONTINUOUS,266852,-0.0129165854151522,-0.0152768765129987,-0.0105562943173057,7.79426708263764e-27
"23102",CONTINUOUS,266876,-0.0127841126607326,-0.015149285789041,-0.0104189395324243,3.21745094551074e-26
"23104",CONTINUOUS,266876,0.014394109929496,0.010635478296364,0.0181527415626279,6.11771706439639e-14
"23106",CONTINUOUS,266853,-0.0033528170055945,-0.00624193083721055,-0.000463703173978447,0.0229338007996447
"23107",CONTINUOUS,266866,-0.000233554030620271,-0.00366094997699678,0.00319384191575623,0.893751410023992
"23108",CONTINUOUS,266863,0.000795997469534929,-0.00265806348268176,0.00425005842175162,0.651499228417671
"23109",CONTINUOUS,266849,-0.00339782632100539,-0.00606333847210779,-0.000732314169902988,0.0124743890250381
"23110",CONTINUOUS,266862,-0.00485276425567798,-0.00752418037494366,-0.0021813481364123,0.000370367126721899
"23111",CONTINUOUS,266862,0.010284955928797,0.00793476846146836,0.0126351433961257,9.76433277358782e-18
"23112",CONTINUOUS,266859,0.00559227005485687,0.00257286543185756,0.00861167467785619,0.000283380038014629
"23113",CONTINUOUS,266853,-0.0111684050244814,-0.0135944575991502,-0.00874235244981272,1.84523142834041e-19
"23114",CONTINUOUS,266853,-0.011037985208916,-0.0134481276742083,-0.00862784274362359,2.81786377165161e-19
"23115",CONTINUOUS,266848,0.0106504795809533,0.00833123049101592,0.0129697286708907,2.2589008957109e-19
"23116",CONTINUOUS,266846,0.00574329352283767,0.00275844428503805,0.00872814276063729,0.000162447916978557
"23117",CONTINUOUS,266836,-0.0108536613046869,-0.0132921040041691,-0.00841521860520476,2.70132882103507e-18
"23118",CONTINUOUS,266833,-0.0107085026457496,-0.0131306149278765,-0.00828639036362271,4.52699623291178e-18
"23119",CONTINUOUS,266828,0.0104668790370646,0.00761219348267854,0.0133215645914507,6.67141706857449e-13
"23120",CONTINUOUS,266807,0.00601930091339736,0.00232309410071972,0.009715507726075,0.00141390529260569
"23121",CONTINUOUS,266806,-0.0109269359825548,-0.0132782703064026,-0.00857560165870694,8.42901621508113e-20
"23122",CONTINUOUS,266802,-0.010777326022769,-0.0131212165460913,-0.0084334354994467,2.03518171680757e-19
"23123",CONTINUOUS,266789,0.00996226169053463,0.00711807916500072,0.0128064442160685,6.65618621307758e-12
"23124",CONTINUOUS,266763,0.00502154796172034,0.00132411541807789,0.0087189805053628,0.00777117260732966
"23125",CONTINUOUS,266760,-0.00959587544870222,-0.0119972649469047,-0.00719448595049975,4.81963533374505e-15
"23126",CONTINUOUS,266750,-0.00964811332025771,-0.0120397659431552,-0.00725646069736019,2.65337210977531e-15
"23127",CONTINUOUS,266729,0.00629107534092134,0.00287532154090609,0.0097068291409366,0.000306437742957971
"23128",CONTINUOUS,266715,0.000306873586053189,-0.00346775947190304,0.00408150664400942,0.87339823269551
"23129",CONTINUOUS,266667,-0.0140378958342352,-0.0163990960915957,-0.0116766955768748,2.26755284211802e-31
"23130",CONTINUOUS,266641,-0.0139038177186794,-0.0162565643402182,-0.0115510710971406,5.13164622733798e-31
