varName,varType,n,beta,lower,upper,pvalue
"134",INTEGER,271836,-0.00603672350977153,-0.0193882236299529,0.00731477661040983,0.375398276411274
"135",INTEGER,271842,0.0293867079342339,0.0221914907261998,0.0365819251422679,1.18517544971949e-15
"137",INTEGER,271842,0.0320019103381304,0.0249580663182968,0.039045754357964,5.30276922698682e-19
"398",INTEGER,271879,-0.0179452188260558,-0.0408272413055943,0.00493680365348273,0.124226285392557
"403",INTEGER,271092,-0.00972991850454192,-0.0212693242657035,0.0018094872566197,0.0985916002672348
"709",INTEGER,270282,-0.0039643740473674,-0.0112608085820944,0.00333206048735963,0.286870587058945
"728",CAT-SIN,270121,-0.011299613322111,-0.0183489250868371,-0.00425030155738489,0.00167911839986892
"738",CAT-SIN,231879,-0.0410971837890334,-0.048430224797949,-0.0337641427801178,4.47702625912116e-28
"777",INTEGER,147590,0.012545224608916,0.00201271133690619,0.0230777378809257,0.0195632374775425
"806",CAT-SIN,147492,0.026411023292646,0.0171626194492681,0.0356594271360238,2.17558704041553e-08
"816",CAT-SIN,147521,0.0282695394498615,0.0178172236510296,0.0387218552486934,1.14902626648251e-07
"826",CAT-SIN,147362,0.025987336613935,0.0122201500187238,0.0397545232091461,0.000215755504685404
"845",INTEGER,188769,-0.0332197308997846,-0.0416505103463191,-0.02478895145325,1.12812282873677e-14
"864",INTEGER,266931,0.0213826812081617,0.0144076216774548,0.0283577407388686,1.86704228814218e-09
"884",INTEGER,257688,0.00904952082639036,0.00229021406384697,0.0158088275889337,0.00868797954832683
"894",INTEGER,200582,0.008404639356559,0.000224936200892197,0.0165843425122258,0.0440203135252422
"904",INTEGER,257794,-0.00342006815934536,-0.0103582653100553,0.00351812899136458,0.333969985021849
"924",CAT-SIN,270180,-0.025814250892395,-0.0332188244181267,-0.0184096773666634,8.27999732398841e-12
"943",CAT-SIN,269419,-0.00712802133264592,-0.0139000468491734,-0.000355995816118438,0.0391005457954193
"971",CAT-SIN,192672,0.0131181632263507,0.00520219846198512,0.0210341279907162,0.00116181152031324
"981",CAT-SIN,192565,-0.000120819099130387,-0.00813098326802241,0.00788934506976163,0.978837759668562
"991",CAT-SIN,25672,0.0229187476187782,0.000648665969623773,0.0451888292679327,0.0436612830308247
"1001",CAT-SIN,25690,-0.00607872025045449,-0.0284757408340769,0.0163183003331679,0.594744207393237
"1011",CAT-SIN,135047,0.00625640478487469,-0.00325922209794397,0.0157720316676934,0.197511494147456
"1021",CAT-SIN,134265,0.00245135320531799,-0.00708733610955213,0.0119900425201881,0.614474552404243
"1031",CAT-SIN,270452,-0.00802456694176239,-0.0148508163953699,-0.00119831748815484,0.0212122696328343
"1050",INTEGER,246715,0.0204171469272883,0.0130937660473417,0.0277405278072349,4.63867781565205e-08
"1060",INTEGER,215679,0.0262916478319866,0.0177353663384692,0.0348479293255039,1.7082129335859e-09
"1070",INTEGER,258756,0.0309543354208442,0.0233314296356192,0.0385772412060691,1.71990819399767e-15
"1080",INTEGER,213102,-0.0257333965139031,-0.0336169872651748,-0.0178498057626314,1.57171870778135e-10
"1090",INTEGER,182770,-0.011316958836749,-0.0199199978696653,-0.00271391980383272,0.00992717407676209
"1100",CAT-SIN,244512,-0.0289568942329398,-0.0366498856127012,-0.0212639028531785,1.60393971120027e-13
"1110",CAT-SIN,268280,-0.0166487758735515,-0.0235124909620047,-0.00978506078509836,1.99900445940411e-06
"1120",CAT-SIN,225846,0.00478533335819358,-0.00271053057770463,0.0122811972940918,0.21084876215726
"1130",CAT-SIN,227121,-0.0169190315512739,-0.0283369459633573,-0.00550111713919052,0.00367874704655252
"1140",CAT-SIN,223685,3.34378028027148e-05,-0.00804078814667518,0.00810766375228061,0.993518427704727
"1170",CAT-SIN,271540,0.00671201473626867,-0.000463723237372534,0.0138877527099099,0.066759998543466
"1180",CAT-SIN,243022,-0.000169711345721053,-0.00740027704439921,0.00706085435295711,0.963304262157573
"1190",CAT-SIN,271762,0.000219911913423185,-0.00731692125412956,0.00775674508097593,0.954382556062445
"1200",CAT-SIN,271669,0.00882684549360513,0.00175135571280355,0.0159023352744067,0.0144791470796392
"1220",CAT-SIN,270877,0.0098645945235517,0.000949339973334868,0.0187798490737685,0.0301386339715589
"1239",CAT-SIN,271732,0.0274310626681154,0.0151801864550897,0.0396819388811411,1.13999774125208e-05
"1249",CAT-SIN,248758,-0.000819776644396875,-0.00806719873014982,0.00642764544135607,0.824547605741839
"1259",CAT-SIN,249359,0.0153154515133547,0.0022492837216582,0.0283816193050511,0.0215966309130727
"1269",INTEGER,244284,0.0207371385352424,0.00354810623129091,0.037926170839194,0.0180536050735734
"1279",INTEGER,228101,0.0311795956586568,0.0206870074151684,0.0416721839021452,5.72427112458065e-09
"1289",INTEGER,263706,0.00118864055661322,-0.00608817447041883,0.00846545558364526,0.748843332497184
"1299",INTEGER,255734,-0.00537557031529589,-0.0130568213057305,0.00230568067513877,0.170184387444544
"1309",INTEGER,262286,-0.0022703817934517,-0.00988568472803743,0.00534492114113404,0.558925214152935
"1319",INTEGER,248579,-0.0143693787848479,-0.0222336768193275,-0.00650508075036822,0.00034179450618447
"1329",CAT-SIN,270528,-0.00666993423851551,-0.0135688666800142,0.000228998202983136,0.0581231874274945
"1339",CAT-SIN,270828,0.00299037803330478,-0.00412688818454555,0.0101076442511551,0.410079059254378
"1349",CAT-SIN,271459,0.0113805183303616,0.00454140853120369,0.0182196281295195,0.00110797946880512
"1359",CAT-SIN,271385,0.00634525997374008,-0.000731256831177049,0.0134217767786572,0.078861729484557
"1369",CAT-SIN,270865,0.0068529485143682,-0.000187992068926602,0.013893889097663,0.056417683124166
"1379",CAT-SIN,270261,-0.00141341140339247,-0.00875513163122103,0.00592830882443608,0.705017937924061
"1389",CAT-SIN,270360,0.0070017917535616,-0.000375486546038526,0.0143790700531617,0.0629436169127961
"1408",CAT-SIN,265339,-0.0102717272167187,-0.0172838288090578,-0.0032596256243796,0.00408972007105403
"1458",INTEGER,260031,-0.0171456477175277,-0.0242871232504918,-0.0100041721845635,2.5282277062169e-06
"1478",CAT-SIN,271846,0.00212559048782633,-0.00517286342646589,0.00942404440211855,0.568133275870382
"1518",CAT-SIN,269027,0.0094900315276257,0.00153500109229431,0.0174450619629571,0.0193763199203352
"1528",INTEGER,251225,-0.0023524311259532,-0.00968034440498709,0.00497548215308069,0.529209276408361
"1548",CAT-SIN,271173,0.0169040209425939,0.00945092965748098,0.0243571122277067,8.7650133048157e-06
"1558",CAT-SIN,271662,0.0133670881904955,0.0067026150832862,0.0200315612977048,8.44682101470645e-05
"1568",INTEGER,191627,-0.0137099170907145,-0.0219533175928023,-0.00546651658862665,0.00111516217498855
"1578",INTEGER,191505,-0.0157897075217609,-0.0242435316525817,-0.00733588339094005,0.000251245506098452
