varName,varType,n,beta,lower,upper,pvalue
"1588",INTEGER,192037,0.0228734012117727,0.0134034715678782,0.0323433308556673,2.19796273364894e-06
"1598",INTEGER,191337,0.00623034400451983,-0.0028126085385069,0.0152732965475466,0.176881459659737
"1608",INTEGER,191962,-0.0104980563380584,-0.0253743574952691,0.00437824481915229,0.166613511691422
"1628",CAT-SIN,251379,0.0116569254124742,0.0042790214176036,0.0190348294073449,0.0019575220234536
"1687",CAT-SIN,267132,0.00480270199430843,-0.00243360489247181,0.0120390088810887,0.193312938376027
"1697",CAT-SIN,267453,-0.0311241155769135,-0.0383969533682852,-0.0238512777855418,4.93834384625384e-17
"1717",CAT-SIN,268307,0.0245656358497329,0.0161993700192126,0.0329319016802533,8.69883932055327e-09
"1727",CAT-SIN,266568,-0.0187127096079567,-0.0256208710900737,-0.0118045481258398,1.10025562869069e-07
"1737",INTEGER,202513,-0.00702875096140241,-0.0155092799112767,0.00145177798847189,0.104269054034641
"1757",CAT-SIN,248596,0.0115399965500835,0.00263628859451453,0.0204437045056525,0.0110741185418633
"1873",INTEGER,267707,0.0111156695642527,0.00414804239261713,0.0180832967358884,0.00176644048523824
"1883",INTEGER,267753,0.00988380541123405,0.00286769293203421,0.0168999178904339,0.00575912854108578
"2050",CAT-SIN,259886,0.0163667125436709,0.00722765749294589,0.025505767594396,0.000448005823947394
"2060",CAT-SIN,262840,0.0217874267514525,0.0123226280061381,0.0312522254967669,6.42784139105795e-06
"2070",CAT-SIN,261447,0.0220596704340648,0.0133647939399672,0.0307545469281624,6.59725782494671e-07
"2080",CAT-SIN,263547,0.0202068185539353,0.0128922285144323,0.0275214085934382,6.13221464417231e-08
"2110",CAT-SIN,263781,-0.00844794936762539,-0.0156882523643776,-0.00120764637087318,0.022199756443331
"2149",INTEGER,221145,-0.00344792970658363,-0.0113086012328328,0.00441274181966553,0.38994423437402
"2178",CAT-SIN,270826,0.0266178711197202,0.0192660444070656,0.0339696978323747,1.27603524847415e-12
"2237",CAT-SIN,271734,0.0182580140052094,0.0090379910810733,0.0274780369293455,0.000103809524663554
"2267",CAT-SIN,270236,-0.0145387606583252,-0.0214610533277988,-0.00761646798885164,3.84527871251356e-05
"2277",INTEGER,257043,0.012386052844339,-0.00634640544213499,0.0311185111308129,0.195020002294932
"2296",CAT-SIN,271366,0.0132120152869116,0.00386495781484767,0.0225590727589754,0.00559789547399155
"2306",CAT-SIN,267277,-0.00354284912254723,-0.0109166392209064,0.00383094097581195,0.346332151273184
"2355",INTEGER,63768,0.00630524754943011,-0.00966127472782363,0.0222717698266839,0.438863231027374
"2375",CAT-SIN,120275,0.000835638021669384,-0.0135590577542075,0.0152303337975463,0.909348015158224
"2385",CAT-SIN,114962,-0.00170554520296657,-0.0211830767502959,0.0177719863443627,0.863747862633355
"2405",INTEGER,123479,-0.00160197183156902,-0.0132603504876909,0.0100564068245529,0.787658299785133
"2624",CAT-SIN,107897,0.0140010996708468,0.00327413668487325,0.0247280626568204,0.0105205677060962
"2634",CAT-SIN,108063,0.015159109084679,0.00458504334448151,0.0257331748248765,0.00495604150971107
"2684",INTEGER,89512,0.00752134859658512,-0.00591664275004228,0.0209593399432125,0.272622082434469
"2704",INTEGER,113325,0.00321492188377452,-0.00818259216792623,0.0146124359354753,0.58035772627174
"2714",INTEGER,143158,-0.00548252457426561,-0.015142802834626,0.00417775368609478,0.26598085674952
"2734",INTEGER,147319,0.020381268064969,0.0110182936626931,0.029744242467245,1.98292824505286e-05
"2744",INTEGER,118768,-0.0126171059929447,-0.0228944209578052,-0.00233979102808421,0.0161164127875276
"2887",INTEGER,64080,0.0279862725529422,0.012427266071689,0.0435452790341954,0.000422028888004788
"2926",INTEGER,61552,0.00778093613023976,-0.00684636977024548,0.022408242030725,0.297148386298648
"3061",INTEGER,247511,0.00743539159847215,0.000150879341949143,0.0147199038549952,0.0454340473640222
"3077",CAT-SIN,271224,-0.0114901341576246,-0.0211010739706947,-0.0018791943445545,0.0191203419956627
"3082",CAT-SIN,179619,0.0307019866027428,-0.0869992703433803,0.148403243548866,0.608917636433722
"3088",CAT-SIN,271621,0.0204551033000689,0.00682409315935936,0.0340861134407785,0.00326983410858107
"3137",INTEGER,247511,-0.0012317430302849,-0.0102690800114587,0.00780559395088893,0.379201438268688
"3140",CAT-SIN,147298,0.0350439941814652,-0.121246976096047,0.191334964458978,0.66037664444353
"3426",CAT-SIN,24552,0.0256515591353485,0.00205058810583798,0.049252530164859,0.0331375891935806
"3456",INTEGER,20478,0.0235315052120912,-0.00262751112004412,0.0496905215442266,0.0778661702499742
"3466",CAT-SIN,20539,-0.021919954967582,-0.046777777902443,0.00293786796727913,0.0839166162521541
"3506",CAT-SIN,22249,-0.00936829544345383,-0.0342440794398366,0.0155074885529289,0.460428603880125
"3637",CAT-SIN,126637,0.00841372360549745,-0.00145229650387351,0.0182797437148684,0.0946268406198804
"3647",CAT-SIN,126765,0.00988964976780901,-8.83875632335749e-05,0.0198676870988516,0.0520640192987427
"3669",INTEGER,6637,-0.0661766800838169,-0.111547577792912,-0.0208057823747214,0.00423584069730499
"3710",INTEGER,23069,0.0190416820579973,-0.00671226816272289,0.0447956322787174,0.147261170702751
"3809",INTEGER,27324,0.00116022899041007,-0.0226037448581965,0.0249242028390166,0.923820363476338
"3829",INTEGER,45465,0.0277753757065263,-0.00666630125402467,0.0622170526670773,0.11398723440852
"3839",INTEGER,45344,-0.00626273348477883,-0.0235731084275335,0.0110476414579758,0.478255183155708
"3849",INTEGER,45191,0.00135344289067773,-0.0171578921633538,0.0198647779447092,0.884925354757539
"3972",INTEGER,3223,0.00938921818623552,-0.0606713232545863,0.0794497596270573,0.792793840275213
"3982",INTEGER,3251,-0.000995920644431587,-0.0719323345550155,0.0699404932661524,0.978049251319392
"4093",CAT-SIN,92356,0.0833774913038291,-0.0261213879286309,0.192876370536289,0.135754649398349
"4096",CAT-SIN,92398,-0.0304754358370469,-0.126967716310891,0.066016844636797,0.535848079572817
