varName,varType,n,beta,lower,upper,pvalue
"134",INTEGER,271836,-0.00462518758031326,-0.0179833256974931,0.00873295053686653,0.497210420050277
"135",INTEGER,271842,0.0275753750094933,0.0203790186165178,0.0347717314024689,5.8581371689993e-14
"137",INTEGER,271842,0.026699227590181,0.0196610490747509,0.0337374061056112,1.03997590559593e-13
"398",INTEGER,271879,-0.025158487339625,-0.0480423252346253,-0.00227464944462465,0.0310324109182767
"403",INTEGER,271092,-0.00511883647646376,-0.0166627730251206,0.00642510007219305,0.385394521560247
"709",INTEGER,270282,-0.00398200697655696,-0.0112774533017315,0.00331343934861761,0.284717861840509
"728",CAT-SIN,270121,-0.00797235145633712,-0.0150165587260827,-0.000928144186591528,0.0265363748296871
"738",CAT-SIN,231879,-0.0299294143222054,-0.0372613104878221,-0.0225975181565887,1.23079500906887e-15
"777",INTEGER,147590,0.00590557554134168,-0.00461201920742538,0.0164231702901087,0.271093115168993
"806",CAT-SIN,147492,0.0153119560360472,0.00607211933577215,0.0245517927363223,0.00116179089612063
"816",CAT-SIN,147521,0.0189632246677162,0.00852143512146793,0.0294050142139644,0.000371374293304899
"826",CAT-SIN,147362,0.0193763750681452,0.00562579867655535,0.0331269514597351,0.00574672756059594
"845",INTEGER,188769,-0.0221305452530034,-0.0305633408456829,-0.0136977496603238,2.68964686996314e-07
"864",INTEGER,266931,0.0132070966661023,0.00623343100295707,0.0201807623292474,0.000205480678660551
"884",INTEGER,257688,0.00531276580687789,-0.00144368747906249,0.0120692190928183,0.123266203970771
"894",INTEGER,200582,0.00643043318539081,-0.00173591511049951,0.0145967814812811,0.122743596935569
"904",INTEGER,257794,-0.0039587341539848,-0.0108950755665801,0.00297760725861052,0.263304067413768
"924",CAT-SIN,270180,-0.0125356137703172,-0.0199358039748413,-0.00513542356579318,0.000899274259262008
"943",CAT-SIN,269419,-0.000219173229768997,-0.00699045607169857,0.00655210961216058,0.950647705479722
"971",CAT-SIN,192672,0.00340007737108263,-0.00451163367017367,0.0113117884123389,0.399617608528214
"981",CAT-SIN,192565,0.000779997070944956,-0.0072263106392088,0.00878630478109871,0.848577811204642
"991",CAT-SIN,25672,0.0252212711873444,0.00307892955353061,0.0473636128211582,0.0255689906333576
"1001",CAT-SIN,25690,-0.00237733422035546,-0.02468239402149,0.019927725580779,0.834528680195084
"1011",CAT-SIN,135047,0.0100900894276386,0.000563750382203687,0.0196164284730734,0.0378940903300311
"1021",CAT-SIN,134265,0.00407974975104162,-0.005463599656527,0.0136230991586102,0.402091201790546
"1031",CAT-SIN,270452,-0.0027231509623243,-0.00954699168439523,0.00410068975974664,0.434138407678858
"1050",INTEGER,246715,0.0103356986783857,0.00300936781627186,0.0176620295404994,0.00569023682731054
"1060",INTEGER,215679,0.0170875510974837,0.00853965802849884,0.0256354441664685,8.91590717569693e-05
"1070",INTEGER,258756,0.0148585356256127,0.00724192409416612,0.0224751471570592,0.000131458936927759
"1080",INTEGER,213102,-0.0137631052203218,-0.0216516965422386,-0.00587451389840504,0.000627012467382784
"1090",INTEGER,182770,-0.0103218404302929,-0.0189268771048507,-0.00171680375573518,0.0187195572946472
"1100",CAT-SIN,244512,-0.0211502199672219,-0.0288303802214223,-0.0134700597130215,6.7428236934472e-08
"1110",CAT-SIN,268280,-0.0140184382595676,-0.0208799588560622,-0.00715691766307295,6.23704996143108e-05
"1120",CAT-SIN,225846,0.00453115046942923,-0.00295604802803801,0.0120183489668965,0.235568735280431
"1130",CAT-SIN,227121,-0.0100359860083663,-0.0214289605116912,0.00135698849495868,0.0842383441467278
"1140",CAT-SIN,223685,0.00743261983003743,-0.000637639319132307,0.0155028789792072,0.0710501950913219
"1170",CAT-SIN,271540,0.00652667190237725,-0.000647171021308595,0.0137005148260631,0.0745581538059746
"1180",CAT-SIN,243022,-0.00815384824933068,-0.0153811961614523,-0.000926500337209086,0.0270169473930566
"1190",CAT-SIN,271762,-0.00301283767236829,-0.0105513270481586,0.00452565170342204,0.433424514425106
"1200",CAT-SIN,271669,0.011158447027794,0.00408035810994008,0.0182365359456478,0.0020020390721474
"1220",CAT-SIN,270877,0.00504384271220929,-0.00387046891761899,0.0139581543420376,0.267338261607044
"1239",CAT-SIN,271732,0.0190475289234563,0.00679740396959818,0.0312976538773144,0.00230593790684982
"1249",CAT-SIN,248758,-0.00287520307964185,-0.0101100050720943,0.00435959891281055,0.436021623041585
"1259",CAT-SIN,249359,0.016642464399256,0.00359050595610833,0.0296944228424037,0.0124490860987455
"1269",INTEGER,244284,0.0150731420347962,-0.00211038223213686,0.0322566663017292,0.0855705233071721
"1279",INTEGER,228101,0.0230204653526455,0.0125402172873427,0.0335007134179483,1.66740775685788e-05
"1289",INTEGER,263706,0.00238365302064835,-0.00488946823798362,0.00965677427928031,0.520635483850346
"1299",INTEGER,255734,-0.00992554479443688,-0.0175997706024444,-0.00225131898642935,0.0112461750100932
"1309",INTEGER,262286,-0.00117057143590582,-0.00878481478740591,0.00644367191559427,0.763118088883145
"1319",INTEGER,248579,-0.00751194552829236,-0.0153733204683937,0.000349429411809015,0.0610817215723852
"1329",CAT-SIN,270528,-0.00607504073269793,-0.0129686734286529,0.000818591963257091,0.0841067147878191
"1339",CAT-SIN,270828,0.00253310638451986,-0.00458574994465356,0.00965196271369329,0.485406421547924
"1349",CAT-SIN,271459,0.0038611294902929,-0.00298080486114038,0.0107030638417262,0.268693188402012
"1359",CAT-SIN,271385,0.00573233572760602,-0.00133896151950819,0.0128036329747202,0.112120521580115
"1369",CAT-SIN,270865,0.00304228300792056,-0.00399876258641112,0.0100833286022522,0.397060063973297
"1379",CAT-SIN,270261,-0.00395847794775139,-0.0113020049313572,0.00338504903585438,0.290717540291093
"1389",CAT-SIN,270360,0.00570376021371532,-0.00167850208670257,0.0130860225141332,0.130006431328344
"1408",CAT-SIN,265339,-0.00363521900074568,-0.0106501783688342,0.00337974036734286,0.309785217993769
"1458",INTEGER,260031,-0.00948961996041802,-0.0166293854472759,-0.00234985447356018,0.00918455950424209
"1478",CAT-SIN,271846,0.00530613333070765,-0.0019891798713712,0.0126014465327865,0.153985879562391
"1518",CAT-SIN,269027,0.000108755896460385,-0.00784042882724412,0.00805794062016489,0.97858215757842
"1528",INTEGER,251225,0.00303148762466568,-0.00429637904173636,0.0103593542910677,0.417454973788987
"1548",CAT-SIN,271173,0.0134864092867537,0.00603109338993359,0.0209417251835739,0.000391864079208504
"1558",CAT-SIN,271662,0.00894425685366788,0.00227577663006659,0.0156127370772692,0.00856681453488297
"1568",INTEGER,191627,-0.00909858524721385,-0.0173454814768432,-0.000851689017584497,0.0305869205119143
"1578",INTEGER,191505,-0.0109970013265571,-0.0194479941740881,-0.00254600847902605,0.0107551900672385
