varName,varType,n,beta,lower,upper,pvalue
"1807",INTEGER,203193,-0.0113510116367114,-0.0156392705097321,-0.00706275276369063,2.12709586506626e-07
"1845",INTEGER,101395,-0.00823188188380941,-0.0118648888227352,-0.00459887494488358,8.96132537054373e-06
"2139",INTEGER,237148,-0.0127077586666512,-0.0166101704573466,-0.0088053468759558,1.74617848660055e-10
"2217",INTEGER,235035,0.00331809674980319,-0.000628622655092241,0.00726481615469863,0.0993961280816647
"2754",INTEGER,100917,-0.017726818864707,-0.0237774061735305,-0.0116762315558835,9.3661065710324e-09
"2764",INTEGER,100747,-0.0104943333752505,-0.0165694512096781,-0.00441921554082283,0.000710139892239673
"2794",INTEGER,115775,-0.00709929097313912,-0.0117177999052361,-0.00248078204104216,0.00258931896803584
"2804",INTEGER,104727,-0.00673464951556497,-0.012704898875221,-0.000764400155908905,0.0270426094787301
"2824",INTEGER,28538,-0.000942489221842789,-0.012103525718869,0.0102185472751834,0.868539509726429
"2867",INTEGER,67494,-0.00908224675144654,-0.0165026239371873,-0.00166186956570574,0.0164443593898629
"2897",INTEGER,67476,0.0055826557103186,-0.00144366114972201,0.0126089725703592,0.119406762864277
"2946",INTEGER,58141,-0.00922398640028324,-0.0144251065346071,-0.00402286626595936,0.000509336689126203
"2966",INTEGER,69320,-0.00388043818419319,-0.00991186589368753,0.00215098952530115,0.20731180342172
"2976",INTEGER,13485,0.00219193495987702,-0.0112351584088606,0.0156190283286146,0.748982904502839
"3062",CONTINUOUS,247511,-0.0171034630189335,-0.0199482678907851,-0.0142586581470819,4.83102499955344e-32
"3063",CONTINUOUS,247511,-0.0172747899433761,-0.0201780315328535,-0.0143715483538987,2.02684586700989e-31
"3064",INTEGER,247511,-0.0125312664021806,-0.0157280897848952,-0.00933444301946609,1.56064520189585e-14
"3083",CONTINUOUS,22901,-0.0322638445574132,-0.0447984143222067,-0.0197292747926197,4.56530347155699e-07
"3084",CONTINUOUS,22901,-0.0310747739837413,-0.0436069652570346,-0.018542582710448,1.18057704158779e-06
"3085",CONTINUOUS,22901,-0.0273819028986664,-0.0397238758909433,-0.0150399299063896,1.37597091199677e-05
"3086",CONTINUOUS,22901,-0.0333548780411992,-0.0460112486321232,-0.0206985074502753,2.41670408704882e-07
"3143",CONTINUOUS,156711,-0.00606328512221376,-0.0103567647424788,-0.00176980550194878,0.00564257876843778
"3144",CONTINUOUS,156699,-0.0293557852624689,-0.0340726761645523,-0.0246388943603855,3.30076462898186e-34
"3146",CONTINUOUS,156711,-0.0315336748791835,-0.036383846310556,-0.0266835034478111,3.56217496911353e-37
"3147",CONTINUOUS,156711,-0.0318778555773596,-0.0366823981487627,-0.0270733130059566,1.21041496626198e-38
"3148",CONTINUOUS,156637,-0.0321217673757562,-0.0369251780078377,-0.0273183567436747,3.15152631029635e-39
"3160",CONTINUOUS,4347,0.00868589709946768,-0.0183475992971783,0.0357193934961136,0.52878345791128
"3436",INTEGER,22024,-0.017093743143262,-0.0301079633262427,-0.00407952296028121,0.0100453092478854
"3526",INTEGER,165313,-0.0110258001929083,-0.0156316120524712,-0.00641998833334543,2.70803382107598e-06
"3536",INTEGER,53210,-0.0129081524393648,-0.0209183755516394,-0.00489792932709027,0.00158685567087197
"3546",INTEGER,44707,-0.0174379042488122,-0.0251838631243201,-0.00969194537330428,1.02450247099586e-05
"3627",INTEGER,8864,0.00817768775676362,-0.00963184319758328,0.0259872187111105,0.368097288288148
"3659",INTEGER,4424,-0.00588154590029839,-0.0323843485485007,0.0206212567479039,0.663527183318119
"3680",INTEGER,9431,-0.00532593004420432,-0.0234849216490717,0.0128330615606631,0.56535893045244
"3700",INTEGER,26953,-0.000203019376687421,-0.012101743602693,0.0116957048493181,0.973321600321499
"3761",INTEGER,53179,-0.0030531088510992,-0.0112106188006044,0.00510440109840596,0.463212960268114
"3786",INTEGER,28045,-0.000596120014517455,-0.0114482814364284,0.0102560414073935,0.914260285572674
"3872",INTEGER,19587,-0.0120595187717956,-0.0258347240239101,0.00171568648031897,0.0861854144547429
"3882",INTEGER,12136,-0.0156970279717342,-0.0319815924995902,0.000587536556121822,0.0588569507780087
"3894",INTEGER,6688,-0.0024799388443152,-0.0230930389412477,0.0181331612526173,0.813561088909879
"3992",INTEGER,4020,-0.0148187680708498,-0.042827635163528,0.0131900990218285,0.2996681013371
"4012",INTEGER,5573,0.0015943889034915,-0.0216454396524304,0.0248342174594134,0.893016553242506
"4022",INTEGER,2361,-0.0152645596170803,-0.0512287947675374,0.0206996755333769,0.405318108693911
"4056",INTEGER,4467,0.00694213785502021,-0.0147673479253743,0.0286516236354147,0.530745952059429
"4079",INTEGER,256245,0.0184620593368378,0.014648815153231,0.0222753035204447,2.34405542062981e-21
"4080",INTEGER,256243,0.00297111497784058,-0.000648035297713016,0.00659026525339417,0.1076119509148
"4100",CONTINUOUS,91598,-0.00651791039445362,-0.0121297687631164,-0.00090605202579083,0.0228222023380341
"4101",CONTINUOUS,91593,-0.0319754564984698,-0.0380920011913733,-0.0258589118055662,1.26867586052956e-24
"4103",CONTINUOUS,91598,-0.0366410041080655,-0.0429481089943539,-0.0303338992217771,5.11333612163898e-30
"4104",CONTINUOUS,91598,-0.0362620128649026,-0.042502557648751,-0.0300214680810542,4.97380017589745e-30
"4105",CONTINUOUS,91535,-0.036635808961867,-0.0428757773806055,-0.0303958405431285,1.27099185665735e-30
"4106",CONTINUOUS,91598,-0.0362628232239427,-0.0425033716338228,-0.0300222748140626,4.95969111626022e-30
"4119",CONTINUOUS,91616,-0.00641991416783173,-0.0121166075551371,-0.000723220780526321,0.0271896718198882
"4120",CONTINUOUS,91612,-0.0328734258986196,-0.0389594858622786,-0.0267873659349606,3.55493904248371e-26
"4122",CONTINUOUS,91616,-0.0360609944568274,-0.0423524078294944,-0.0297695810841604,2.89387417879257e-29
"4123",CONTINUOUS,91616,-0.0360481687236731,-0.0422668129475324,-0.0298295244998138,6.79734293223639e-30
"4124",CONTINUOUS,91567,-0.0365605785139463,-0.042778179139818,-0.0303429778880746,1.03554323452125e-30
"4125",CONTINUOUS,91616,-0.0360485725867173,-0.0422672123214235,-0.0298299328520111,6.78682214870875e-30
"4138",CONTINUOUS,770,-0.0256957418581722,-0.0981872849152053,0.0467958011988609,0.48673385359995
"4139",CONTINUOUS,770,-0.00127202889937641,-0.0708530956063406,0.0683090378075878,0.971381051571501
"4140",CONTINUOUS,770,-0.00321029997864637,-0.0727685941408476,0.0663479941835549,0.927832248641505
"4141",CONTINUOUS,770,-0.0295178891723931,-0.0984940837835873,0.0394583054388011,0.401118332407617
"4142",CONTINUOUS,770,-0.0224512883466152,-0.0930195966475457,0.0481170199543152,0.532446436769719
"4143",CONTINUOUS,794,-0.0518806364341091,-0.123933375254881,0.0201721023866634,0.157925083685387
"4144",CONTINUOUS,794,-0.0442533124137961,-0.113598586988108,0.0250919621605162,0.210685348245708
"4145",CONTINUOUS,794,-0.03308276450439,-0.102468131780838,0.036302602772058,0.349583845720127
"4146",CONTINUOUS,794,-0.0489569261146023,-0.117771760222967,0.0198579079937625,0.162947699873564
"4147",CONTINUOUS,794,-0.0460027793523929,-0.11615005692689,0.0241444982221045,0.198354676868152
"4194",INTEGER,94940,0.00914199569755669,0.00282986334861911,0.0154541280464943,0.00453082196397434
"4195",INTEGER,94940,0.00276939017368865,-0.00329849637650672,0.00883727672388403,0.371034691314895
"4196",INTEGER,94887,-0.00484541304668772,-0.011022156250379,0.00133133015700352,0.124165790428088
"4198",INTEGER,94940,0.0124925787217491,0.00638192286500366,0.0186032345784945,6.15451925342802e-05
"4199",INTEGER,94940,0.000508833453434906,-0.00576209214499667,0.00677975905186648,0.873640216524028
"4200",INTEGER,94940,0.00503439477731234,-0.00109309636004192,0.0111618859146666,0.107326471248807
