varName,varType,n,beta,lower,upper,pvalue
"100300",CAT-SIN,38011,-0.00694200160301516,-0.0543113342850661,0.0404273310790358,0.773978763264777
"100310",CAT-SIN,38004,-0.00374694764189446,-0.0822821686103783,0.0747882733265894,0.925435512473106
"100330",CAT-SIN,38013,0.076269339798832,-0.0334000609507307,0.185938740548395,0.172940796056717
"100360",CAT-SIN,38021,-0.010324812576158,-0.038428628394933,0.0177790032426171,0.471474584511887
"100370",CAT-SIN,38021,-0.0162834082421357,-0.0442771631483471,0.0117103466640757,0.254179948433319
"100380",CAT-SIN,38021,-0.022967888695336,-0.0620037863831704,0.0160680089924983,0.248836622541887
"100400",CAT-SIN,38021,0.0191626782070727,0.00142205904721556,0.0369032973669299,0.0342277456785578
"100410",CAT-SIN,38021,-0.0298056446885581,-0.0840455446713553,0.0244342552942392,0.281421626632719
"100420",CAT-SIN,38021,-0.00327080450460013,-0.0494540480244602,0.0429124390152599,0.889619300308245
"100430",CAT-SIN,38021,-0.011895461900206,-0.0487614015403571,0.024970477739945,0.527084091891545
"100440",CAT-SIN,38021,-0.00862183570099383,-0.0738623621287503,0.0566186907267626,0.79549797479381
"100460",CAT-SIN,38021,-0.00615859511114081,-0.0273702447613646,0.015053054539083,0.569321039000831
"100470",CAT-SIN,38021,0.0296619162739176,-0.0132994539960897,0.072623286543925,0.176004550891073
"100480",CAT-SIN,38021,-0.0876581773758757,-0.163330224703211,-0.0119861300485403,0.0229456396687058
"100490",CAT-SIN,38021,0.0037355640457933,-0.0273326103545324,0.034803738446119,0.813757311358869
"100500",CAT-SIN,38021,0.0169718361769682,-0.0247730237275958,0.0587166960815322,0.425557659215153
"100520",CAT-SIN,38010,-0.00590769791501288,-0.054640548937842,0.0428251531078163,0.812237804524795
"100530",CAT-SIN,38014,-0.00497015894997595,-0.0727032842501585,0.0627629663502066,0.885713860758277
"100540",CAT-SIN,38009,-0.00814704665345059,-0.0953077333405222,0.079013640033621,0.854608469351346
"100550",CAT-SIN,38003,0.0233790585470012,-0.0260112990430689,0.0727694161370712,0.35358691240452
"100560",CAT-SIN,38021,0.00650777089404689,-0.0638273027215255,0.0768428445096193,0.856121287287909
"100590",CAT-SIN,38021,-0.00430796648601587,-0.0308142146295468,0.0221982816575151,0.750057692478866
"100630",CAT-SIN,38016,0.0657219499479257,0.00699916156741274,0.124444738328439,0.0282689341969038
"100670",CAT-SIN,38021,-0.0230973384857354,-0.0524282838421434,0.0062336068706726,0.122715684151714
"100710",CAT-SIN,38021,-0.0162697300047612,-0.0440632556806226,0.0115237956711002,0.251237838946739
"100720",CAT-SIN,38011,0.0567546450033816,-0.0181626988809489,0.131671988887712,0.13766913182039
"100730",CAT-SIN,38021,-0.0160697055447793,-0.0552952467722328,0.0231558356826741,0.421971012450786
"100740",CAT-SIN,38012,0.0212143044091608,-0.0754494650187163,0.117878073837038,0.667116878016065
"100770",CAT-SIN,38021,0.0201571499472803,-0.008019368275217,0.0483336681697777,0.160848861542609
"100800",CAT-SIN,38021,-0.0225634302988879,-0.0503951225686731,0.00526826197089734,0.112033963132668
"100810",CAT-SIN,38021,-0.0219706647581453,-0.0782559793035731,0.0343146497872826,0.444171407326844
"100820",CAT-SIN,38021,-0.0247038700679991,-0.0828640927377372,0.0334563526017389,0.404983784582065
"100830",CAT-SIN,38021,-0.0270678144918585,-0.0605116337736836,0.00637600478996651,0.112604616953187
"100840",CAT-SIN,38021,-0.035785672136628,-0.0687854826844218,-0.00278586158883416,0.0335539373816067
"100850",CAT-SIN,38021,-0.00552415507743351,-0.0344343842128762,0.0233860740580092,0.707568885971472
"100860",CAT-SIN,38021,0.0604826787345698,-0.0117117308711598,0.1326770883403,0.100647687942459
"100880",CAT-SIN,38021,-0.00895194594415174,-0.0312015684010548,0.0132976765127513,0.430084882568273
"100890",CAT-SIN,38021,-0.0194508705795955,-0.0397964540259974,0.000894712866806497,0.0609454334449232
"100900",CAT-SIN,38021,-0.00958413230300324,-0.0382666080955636,0.0190983434895571,0.512904467042128
"100910",CAT-SIN,38021,-0.0258719691013058,-0.0880199138404472,0.0362759756378356,0.414537210417526
"100950",CAT-SIN,38021,0.00480350649654803,-0.0133574539451787,0.0229644669382748,0.604169933801512
"101020",CAT-SIN,38012,-0.016904805552467,-0.0510535020207852,0.0172438909158513,0.331896757574273
"101090",CAT-SIN,38014,0.0269113449522418,-0.0278763262446668,0.0816990161491504,0.335725173546586
"101160",CAT-SIN,38012,-0.00546866536662458,-0.0343956949669029,0.0234583642336537,0.711026497640727
"101230",CAT-SIN,38017,0.0430426593821715,-0.0307321154120424,0.116817434176385,0.252736938131866
"101240",CAT-SIN,38020,0.0931904901263992,0.0176071140553399,0.168773866197459,0.0155916067933864
"101250",CAT-SIN,38021,-0.00925307414576616,-0.0408537723029369,0.0223476240114046,0.56604266890184
"101260",CAT-SIN,38021,-0.0138222694935835,-0.0682922589291928,0.0406477199420259,0.619023694949538
"101270",CAT-SIN,38021,-0.0163259051205252,-0.0640788924530711,0.0314270822120206,0.502758576399157
"101310",CAT-SIN,38021,-0.00613100632402281,-0.024737526512623,0.0124755138645774,0.518372673872775
"101350",CAT-SIN,38017,-0.024403153762031,-0.0678480289699108,0.0190417214458487,0.27090399941907
"101390",CAT-SIN,38007,0.0604143992185059,-0.0206015540336095,0.141430352470621,0.143818479355636
"101430",CAT-SIN,38017,0.0120628886984218,-0.0225381663431714,0.0466639437400151,0.494411179139687
"101470",CAT-SIN,38021,0.025015837539211,-0.0224508706012489,0.0724825456796709,0.301630187392394
"101510",CAT-SIN,38021,0.0101805620756077,-0.10799513697778,0.128356261128996,0.866209993359778
"101550",CAT-SIN,38014,0.00642349492676006,-0.0650360878403214,0.0778830776938415,0.86117850789741
"101970",CAT-SIN,38018,-0.0295122300095934,-0.0758089310167928,0.0167844709976059,0.211489215780968
"101980",CAT-SIN,38017,-0.00959862817244863,-0.0592056638850038,0.0400084075401065,0.704510952759085
"101990",CAT-SIN,38021,-0.0128698132247516,-0.0793296745397973,0.053590048090294,0.70426053820865
"102000",CAT-SIN,38021,-0.0156219297082001,-0.0682284165582713,0.036984557141871,0.560453662643128
"102010",CAT-SIN,38014,-0.0448665206829349,-0.192872091867252,0.103139050501383,0.552347349449096
"102020",CAT-SIN,38014,-0.126100229680443,-0.267611825435361,0.0154113660744752,0.0806738400867461
"102030",CAT-SIN,38021,0.0212070308370662,-0.0388310245890388,0.0812450862631712,0.488355814036477
"102040",CAT-SIN,38021,0.0309913862942596,-0.0605560743052517,0.122538846893771,0.50700584120546
"102050",CAT-SIN,38015,-0.0157067687835062,-0.0896954556297962,0.0582819180627838,0.677368054561378
"102060",CAT-SIN,38017,0.0144285088865057,-0.0549280719676371,0.0837850897406485,0.683577474653293
"102070",CAT-SIN,38012,-0.000606895013439724,-0.0508719441737812,0.0496581541469018,0.981087901912005
"102090",CAT-SIN,38021,-0.032523031375622,-0.0538868190578914,-0.0111592436933526,0.00284266878845649
"102120",CAT-SIN,38021,-0.0299737787010517,-0.0620387228965418,0.00209116549443852,0.0668821325612729
"102140",CAT-SIN,38020,0.0574951024053542,0.00523306576623235,0.109757139044476,0.0310727171426955
"102150",CAT-SIN,38018,0.0395461540631657,-0.0317516498954193,0.110843958021751,0.278278006348083
"102170",CAT-SIN,38020,-0.05508361681143,-0.186056281250429,0.0758890476275688,0.409518556214381
"102180",CAT-SIN,38016,0.0079518608698163,-0.0390541404996083,0.0549578622392409,0.74012312771148
"102190",CAT-SIN,38021,0.0055297925645785,-0.025422989948375,0.036482575077532,0.726716016094009
"102200",CAT-SIN,38015,0.0521333339700149,-0.0510689824324231,0.155335650372453,0.322142438822455
"102210",CAT-SIN,38017,0.00318029176811237,-0.0669612246664051,0.0733218082026298,0.92917051517915
"102220",CAT-SIN,38020,0.00449254600347551,-0.0624201319129033,0.0714052239198544,0.895193452809532
"102230",CAT-SIN,38021,-0.0331905829616663,-0.0698017811549263,0.00342061523159374,0.0754697168711629
"102260",CAT-SIN,38012,-0.0122059388962675,-0.0487186594789836,0.0243067816864485,0.512389000441382
"102270",CAT-SIN,38015,0.0320575470153391,-0.110278595923427,0.174393689954105,0.658905498607803
"102280",CAT-SIN,38020,0.0229708295237506,-0.0169576336777798,0.0628992927252809,0.259494440083056
"102290",CAT-SIN,38006,-0.0342808623991659,-0.0800204432594725,0.0114587184611406,0.141791911239703
"102300",CAT-SIN,38013,0.000420812856254684,-0.112759482093856,0.113601107806365,0.994026283737692
"102310",CAT-SIN,38021,0.00165451238592599,-0.0453239698368925,0.0486329946087445,0.944926048732484
"102320",CAT-SIN,38013,-0.039572573453924,-0.163334089567868,0.0841889426600196,0.530771484417878
"102330",CAT-SIN,38021,0.0504024756010935,0.00729292182293753,0.0935120293792495,0.0219276907067653
"102340",CAT-SIN,38021,0.00430052905319142,-0.0318138885671119,0.0404149466734947,0.815449458146482
"102350",CAT-SIN,38021,-0.000401708420614682,-0.0346954011686274,0.033891984327398,0.983251454761003
"102360",CAT-SIN,38021,-0.0169722074770879,-0.0424339284667165,0.00848951351254075,0.191383729176145
"102370",CAT-SIN,38013,-0.00320941295109307,-0.0458509769475621,0.0394321510453759,0.882699264846437
"102380",CAT-SIN,38021,-0.00739432713445067,-0.0798127454938125,0.0650240912249112,0.842167507168619
"102410",CAT-SIN,38021,-0.029629327954616,-0.0831655319388792,0.0239068760296471,0.278024636438176
"102420",CAT-SIN,38015,-0.0645814510203001,-0.182072464857757,0.0529095628171571,0.281305726507753
"102430",CAT-SIN,38021,-0.0676425623698886,-0.135540152548495,0.000255027808718153,0.0508242981808328
"102440",CAT-SIN,38021,-0.0374055017617224,-0.0787321901501521,0.00392118662670737,0.0760015201777594
"102450",CAT-SIN,38021,-0.0696355283700712,-0.130362677264618,-0.00890837947552389,0.0245599875442708
"102460",CAT-SIN,38021,0.00445442098884617,-0.0208760821381456,0.029784924115838,0.730251573408356
"102470",CAT-SIN,38013,-0.0522296482741032,-0.158553453535638,0.0540941569874319,0.335572382337314
"102480",CAT-SIN,38021,-0.0461847753345743,-0.12998297388612,0.0376134232169716,0.280007619135432
"102490",CAT-SIN,38021,-0.0108160792841549,-0.0696003717421217,0.0479682131738119,0.718354753749303
"102500",CAT-SIN,38021,0.0492892985690376,-0.0173956162659014,0.115974213403977,0.147438510546415
"102530",CAT-SIN,38016,-0.00319894533518289,-0.0694345848471687,0.063036694176803,0.924615014738945
"102540",CAT-SIN,38018,0.0179686442943839,-0.0295128883653347,0.0654501769541024,0.458265266180655
"102620",CAT-SIN,38019,-0.00311796126795964,-0.0447049244009309,0.0384690018650117,0.883099491121008
"102710",CAT-SIN,38021,-0.0301083596274544,-0.0624311125582462,0.0022143933033374,0.0679023306438297
"102720",CAT-SIN,38021,-0.0360995084240243,-0.107263566599388,0.0350645497513396,0.320198848569178
"102730",CAT-SIN,38021,0.0178648777057877,-0.0167340551900696,0.0524638106016451,0.311444647917166
"102740",CAT-SIN,38021,-0.00966096536280063,-0.0790215389669152,0.059699608241314,0.784084352576102
"102750",CAT-SIN,38021,-0.242631885977731,-0.425210850708916,-0.0600529212465453,0.0091367551375483
"102770",CAT-SIN,38021,0.0225409039747178,-0.0507208116932875,0.0958026196427232,0.546506967381176
"102780",CAT-SIN,38013,-0.125070617286622,-0.290852806464537,0.0407115718912932,0.139073177205234
"102810",CAT-SIN,38021,-0.0316308333213544,-0.0761343516785032,0.0128726850357944,0.163562042093207
"102820",CAT-SIN,38021,-0.0049773701210297,-0.0266639897981096,0.0167092495560502,0.652828171652478
"102830",CAT-SIN,38021,-0.0366882047281204,-0.0881949183993575,0.0148185089431167,0.162624310446208
"102840",CAT-SIN,38018,-0.0562787852349974,-0.117280595900755,0.00472302543075963,0.0705413034754299
"102850",CAT-SIN,38021,-0.0852734815855352,-0.16269957382462,-0.00784738934645014,0.0307952760413549
"102860",CAT-SIN,38021,-0.00812826750900824,-0.089260948450854,0.0730044134328375,0.844815026038359
"102870",CAT-SIN,38018,0.0188325079038925,-0.0686731366881243,0.106338152495909,0.673173854466886
"102880",CAT-SIN,38020,0.044567867130175,-0.0499516759759526,0.139087410236303,0.355437426778134
"102890",CAT-SIN,38014,0.0379203590761102,-0.0416650583070415,0.117505776459262,0.350383500018328
"102900",CAT-SIN,38020,-0.00326772737085524,-0.0931730724525877,0.0866376177108772,0.943152850475778
"102910",CAT-SIN,38013,0.0653783521583646,-0.011736963251516,0.142493667568245,0.0965809442441065
"102940",CAT-SIN,38021,0.0218895445934937,-0.00756631491967205,0.0513454041066595,0.143974016368073
"102950",CAT-SIN,38021,-0.0295982725261917,-0.0798643823588403,0.0206678373064569,0.248453471135073
"102960",CAT-SIN,38014,0.00346542041070541,-0.0613564340788706,0.0682872749002814,0.916101571478149
"102970",CAT-SIN,38021,0.0267279764732306,-0.184265983424944,0.237721936371406,0.803883469937295
"102980",CAT-SIN,38019,-0.00263171569984324,-0.0921559652103575,0.086892533810671,0.954060492904295
"103010",CAT-SIN,38021,-0.0185198263820929,-0.0566888864086341,0.0196492336444484,0.341639922291489
"103020",CAT-SIN,38016,-0.00378290061023593,-0.0298471987519829,0.022281397531511,0.77583262015585
"103030",CAT-SIN,38015,0.0194422446813244,-0.0208229026065606,0.0597073919692094,0.343943594832239
"103040",CAT-SIN,38018,0.0173323884898566,-0.0274272367054009,0.062092013685114,0.447883494040747
"103050",CAT-SIN,38015,-0.00469970853124979,-0.0579244130911584,0.0485249960286588,0.862597077763034
"103060",CAT-SIN,38016,-0.00825684521640529,-0.0321342572076157,0.0156205667748051,0.498042409715912
"103070",CAT-SIN,38021,-0.0221242464499413,-0.0580756623139625,0.0138271694140799,0.227709115541771
"103080",CAT-SIN,38021,0.00273650558924319,-0.0260962346420105,0.0315692458204969,0.852383883338839
"103090",CAT-SIN,38014,0.0111749791065668,-0.0670143776485845,0.089364335861718,0.77947108066214
"103100",CAT-SIN,38019,-0.00210204865704687,-0.0837405156363836,0.0795364183222898,0.959810446750481
"103150",CAT-SIN,38015,-0.00711939557337729,-0.0516682064631389,0.0374294153163844,0.754354291829158
"103160",CAT-SIN,38015,0.0103475765938948,-0.0223288937589288,0.0430240469467184,0.534783255683465
"103170",CAT-SIN,38021,0.0133909857665702,-0.0556686566014744,0.0824506281346148,0.703917025259449
"103180",CAT-SIN,38019,0.0517694364945459,-0.0147147623754417,0.118253635364534,0.12695522893162
"103190",CAT-SIN,38014,0.00378782010945571,-0.0439594637941864,0.0515351040130978,0.876442373562512
"103200",CAT-SIN,38013,-0.00728863627805209,-0.0556802027200627,0.0411029301639585,0.767719185241229
"103210",CAT-SIN,38016,-0.0995217714030813,-0.247302196438604,0.0482586536324411,0.186719709423197
"103220",CAT-SIN,38016,0.0125902912288177,-0.0917153684736233,0.116895950931259,0.813034789058681
"103230",CAT-SIN,38013,-0.0489735394204296,-0.136062650500241,0.0381155716593823,0.270278414994597
"103260",CAT-SIN,38014,-0.0465507146933117,-0.150889313500152,0.0577878841135289,0.381928774088714
"103270",CAT-SIN,38020,-0.0623551095706495,-0.202878684416433,0.0781684652751344,0.384366670783618
"103280",CAT-SIN,38009,0.0730034443902904,-0.0184040203774807,0.164410909158061,0.117485531751583
"103290",CAT-SIN,38018,0.022045897719131,-0.0909684575266342,0.135060252964896,0.702215382225597
"104000",CAT-SIN,38021,-0.0102436459541996,-0.0473197785240697,0.0268324866156705,0.588759135696455
"104010",CAT-SIN,38021,-0.0202805232821158,-0.0571362153499795,0.0165751687857479,0.280722192974433
"104020",CAT-SIN,38021,0.00564939450106142,-0.0204477709194643,0.0317465599215871,0.671296115141333
"104030",CAT-SIN,38021,-0.00572572639932048,-0.0284832628955834,0.0170318100969424,0.622105593535426
"104050",CAT-SIN,38021,0.00110890572531257,-0.0325421435560761,0.0347599550067013,0.9443445213866
"104060",CAT-SIN,38021,0.0119668532934819,-0.0199771080595098,0.0439108146464737,0.463621809448677
"104070",CAT-SIN,38021,-0.00736723867750365,-0.0391135081791004,0.0243790308240931,0.650269336575688
"104080",CAT-SIN,38012,-0.0204300323661924,-0.0629456397812765,0.0220855750488917,0.346256053108649
"104090",CAT-SIN,38021,-0.0223075458195353,-0.0465658789427845,0.00195078730371398,0.0714560378524168
"104100",CAT-SIN,38011,-0.0230644808252083,-0.0810149954887157,0.0348860338382992,0.435298181994281
"104110",CAT-SIN,38021,0.0167908833767595,-0.0488071122662009,0.0823888790197199,0.616183208492767
"104120",CAT-SIN,38021,-0.0234874347675937,-0.0564834068496975,0.00950853731451022,0.162849054946847
"104130",CAT-SIN,38021,-0.0109613689734777,-0.0520944383517602,0.0301717004048048,0.601420737020106
"104140",CAT-SIN,38021,-0.00623613551081001,-0.0348708163755621,0.0223985453539421,0.669440112281472
"104150",CAT-SIN,38010,-0.00709311922830811,-0.0854248700791733,0.0712386316225571,0.858994234504582
"104160",CAT-SIN,38021,0.0289412445962914,-0.00775415489939838,0.0656366440919812,0.12221602877991
"104170",CAT-SIN,38021,-0.00491902468522947,-0.0271939407558861,0.0173558913854271,0.665096148435481
"104180",CAT-SIN,38021,0.0268348733075584,-0.0103898574549995,0.0640596040701164,0.157790596952965
"104190",CAT-SIN,38021,-0.0419847822667555,-0.0799678459051802,-0.0040017186283308,0.0302523442640144
"104200",CAT-SIN,38016,-0.00845488207127736,-0.0514102595387358,0.034500495396181,0.699618935014639
"104210",CAT-SIN,38021,-0.0194095779620781,-0.0479156238154931,0.00909646789133681,0.181845369692242
"104220",CAT-SIN,38021,-0.0366658863986474,-0.0719370249610047,-0.00139474783629016,0.0415726191718333
"104230",CAT-SIN,38017,-0.0211861435616157,-0.0729924886620607,0.0306202015388294,0.422747159658868
"104240",CAT-SIN,38021,0.00768807064520671,-0.0166702589080061,0.0320464001984195,0.536141075191226
"104250",CAT-SIN,38021,-0.00866693866894759,-0.0390797038175923,0.0217458264796972,0.57696739996077
"104260",CAT-SIN,38021,-0.0152789006285067,-0.0389350716027848,0.0083772703457714,0.205550932319207
"104270",CAT-SIN,38014,-0.00447235372286431,-0.06101965281249,0.0520749453667614,0.876805983956146
"104280",CAT-SIN,38021,0.0254475653999122,-0.00449325457135777,0.0553883853711821,0.0958629190103691
"104290",CAT-SIN,38021,-0.0125941237410111,-0.0400686846018123,0.01488043711979,0.36910751573103
"104300",CAT-SIN,38021,-0.0392127648944396,-0.090305520105024,0.0118799903161449,0.132459792212968
"104310",CAT-SIN,38021,0.0185246524133865,-0.0471526604011373,0.0842019652279102,0.580213035360953
