varName,varType,n,beta,lower,upper,pvalue
"22653",INTEGER,1212,-0.00298970549987267,-0.0582922697666029,0.0523128587668576,0.915548843834546
"22663",INTEGER,45601,0.00415657722581976,-0.00440143401440491,0.0127145884660444,0.341117954356181
"22664",INTEGER,26417,0.00343396227533332,-0.00750456269419605,0.0143724872448627,0.538345229029156
"23000",INTEGER,5207,0.0201394863416224,-0.00667025527800098,0.0469492279612459,0.140900959587653
"23001",INTEGER,5207,-0.00114307021904703,-0.0283287204655134,0.0260425800274194,0.934308376128916
"23002",INTEGER,5207,-0.00111272034545513,-0.0279712227200742,0.0257457820291639,0.935271523358564
"23003",INTEGER,5207,0.0176200951975138,-0.00955193656902278,0.0447921269640505,0.203691970418448
"23004",INTEGER,5207,0.0141144308772077,-0.0130662054835617,0.0412950672379771,0.308719465465158
"23005",INTEGER,5207,0.0196897913064188,-0.00711621189558713,0.0464957945084247,0.149931535732682
"23006",INTEGER,5207,0.000413301879162837,-0.0264085268583343,0.0272351306166599,0.975901976204404
"23007",INTEGER,5207,-0.00605040121705546,-0.032870036636798,0.0207692342026871,0.658317291812102
"23008",INTEGER,5207,0.00170946160893651,-0.0251260086149488,0.0285449318328218,0.900621884797959
"23009",INTEGER,5207,-0.00254930050590832,-0.0294816598275307,0.024383058815714,0.852793180936928
"23010",INTEGER,5207,-0.00856489117041709,-0.0356988994712765,0.0185691171304423,0.536068758718688
"23011",INTEGER,5207,-0.0130083027704179,-0.040190607880894,0.0141740023400582,0.348198297106771
"23012",INTEGER,5207,-0.00285107071387682,-0.0298841792340424,0.0241820378062888,0.836207328859358
"23013",INTEGER,5207,-0.0155156158507759,-0.0422451469212091,0.0112139152196572,0.255189663436755
"23014",INTEGER,5207,0.0149177300221708,-0.0122124900253482,0.0420479500696897,0.281105976502632
"23015",INTEGER,5207,0.00410557328748982,-0.0229998405070774,0.031210987082057,0.766525025970617
"23017",INTEGER,5207,0.0267716243491754,-0.000399702177560711,0.0539429508759115,0.0534654347311751
"23019",INTEGER,5207,-0.00454368520675167,-0.0316616576232237,0.0225742872097204,0.742566908225715
"23020",INTEGER,5207,0.00843871888036702,-0.0186080313062222,0.0354854690669563,0.540788865280395
"23021",INTEGER,5207,0.00825218384683442,-0.0186842045886931,0.0351885722823619,0.54813859862996
"23022",INTEGER,5207,-0.00127768096125376,-0.0281714321670265,0.025616070244519,0.925798633647626
"23023",INTEGER,5207,0.0103878168070237,-0.0167068288440917,0.0374824624581391,0.452322191290799
"23024",INTEGER,5207,0.00773600913167959,-0.0194364986649633,0.0349085169283225,0.576778602172498
"23025",INTEGER,5207,5.43265477469592e-05,-0.0270862228829378,0.0271948759784317,0.99686916014665
"23026",INTEGER,5207,0.0102651397056821,-0.0167100144643201,0.0372402938756843,0.455689311457778
"23027",INTEGER,5207,-0.00118730177975929,-0.0283036288060305,0.0259290252465119,0.931598506331986
"23028",INTEGER,5207,-0.000625672415376306,-0.0277149254704928,0.0264635806397402,0.963886459663493
"23029",INTEGER,5207,0.0157134871797573,-0.0114051596048272,0.0428321339643417,0.25603573332936
"23031",INTEGER,5207,0.0151549303895602,-0.0119306976723328,0.0422405584514531,0.272738911974523
"23032",INTEGER,5207,0.0156590961822937,-0.0115106721983162,0.0428288645629035,0.258581421620849
"23033",INTEGER,5207,-0.0148236534984759,-0.0419167699428337,0.012269462945882,0.283491780447976
"23034",INTEGER,5207,-0.015947882637817,-0.043085919322633,0.0111901540469991,0.249350711886433
"23036",INTEGER,5207,-0.0063174666486155,-0.033431417770962,0.020796484473731,0.647854025975919
"23037",INTEGER,5207,-0.017136236376255,-0.0443434381787621,0.0100709654262522,0.216977451265617
"23039",INTEGER,2646,0.00560888863774945,-0.0329829157256006,0.0442006930010995,0.77567421406739
"23040",INTEGER,5207,0.00632473571111536,-0.0206417660428258,0.0332912374650565,0.645680441417964
"23041",INTEGER,5207,0.0173112638296644,-0.0096166837217455,0.0442392113810742,0.207616823710775
"23042",INTEGER,5207,0.00864131263751901,-0.0181814932838942,0.0354641185589322,0.527692502468289
"23043",INTEGER,5207,0.00198066492329846,-0.0250075477601656,0.0289688776067625,0.88560452684573
"23044",INTEGER,5207,-0.00365536722927181,-0.0306258605692109,0.0233151261106673,0.790480852847151
"23098",CONTINUOUS,266780,-0.00593100918131249,-0.00926989217690002,-0.00259212618572496,0.000498528452182435
"23099",CONTINUOUS,266620,0.00826142046420104,0.00541190222801869,0.0111109387003834,1.32939700743744e-08
"23100",CONTINUOUS,266330,0.00376147997052611,9.17806272816911e-05,0.00743117931377054,0.0445389271412994
"23101",CONTINUOUS,266754,-0.0120059101500427,-0.0143675152956751,-0.00964430500441031,2.20929431809879e-23
"23102",CONTINUOUS,266777,-0.0119135127385383,-0.0142800613167898,-0.00954696416028679,5.85373418520079e-23
"23104",CONTINUOUS,266777,0.0131847680607958,0.00942402084444461,0.0169455152771469,6.36909001688517e-12
"23106",CONTINUOUS,266754,-0.00243842293632742,-0.0053291592121196,0.000452313339464763,0.0982718065073772
"23107",CONTINUOUS,266767,-0.000756932102953695,-0.00418625099225838,0.00267238678635099,0.665296619670411
"23108",CONTINUOUS,266764,0.000931277946514752,-0.00252469223467345,0.00438724812770295,0.597393888639895
"23109",CONTINUOUS,266749,-0.00321652404432366,-0.00588343047513246,-0.000549617613514855,0.0180844096289536
"23110",CONTINUOUS,266763,-0.00416914927044667,-0.00684201530873199,-0.00149628323216136,0.00223455814472824
"23111",CONTINUOUS,266763,0.0089049140487509,0.00655344506675486,0.0112563830307469,1.15413057506222e-13
"23112",CONTINUOUS,266760,0.00477501783289207,0.00175404919437919,0.00779598647140494,0.00194863715323028
"23113",CONTINUOUS,266754,-0.0100292266614275,-0.0124566990316414,-0.00760175429121353,5.62277943058501e-16
"23114",CONTINUOUS,266754,-0.00998181897642812,-0.0123933583313894,-0.00757027962146682,4.97147981463773e-16
"23115",CONTINUOUS,266749,0.00973624850601009,0.00741571444604264,0.0120567825659775,1.98614570640796e-16
"23116",CONTINUOUS,266747,0.00507016131863743,0.00208382309470801,0.00805649954256685,0.000876052132446488
"23117",CONTINUOUS,266736,-0.010160141319384,-0.0126000373454367,-0.00772024529333118,3.31869859076e-16
"23118",CONTINUOUS,266733,-0.00997603480525283,-0.0123995566619419,-0.00755251294856377,7.18045930653088e-16
"23119",CONTINUOUS,266728,0.00950922535922553,0.00665306720445435,0.0123653835139967,6.79014476345603e-11
"23120",CONTINUOUS,266707,0.00575621729785393,0.0020581234106323,0.00945431118507556,0.00228278600826509
"23121",CONTINUOUS,266705,-0.00996649875283545,-0.0123192371916861,-0.00761376031398479,1.022442242039e-16
"23122",CONTINUOUS,266701,-0.00953753116339736,-0.0118829431778354,-0.00719211914895936,1.59091987234127e-15
"23123",CONTINUOUS,266687,0.00924116779048305,0.00639563919447557,0.0120866963864905,1.9531484438067e-10
"23124",CONTINUOUS,266660,0.00497318652569022,0.0012737242671354,0.00867264878424505,0.00841939122267324
"23125",CONTINUOUS,266657,-0.00891023429566744,-0.0113129838982874,-0.00650748469304753,3.65127367139395e-13
"23126",CONTINUOUS,266647,-0.0093423163670485,-0.0117351385876873,-0.00694949414640972,1.98013208449548e-14
"23127",CONTINUOUS,266626,0.00631871928809758,0.00290125381545357,0.00973618476074158,0.000290259147587251
"23128",CONTINUOUS,266611,0.000929390132389526,-0.00284728084984408,0.00470606111462313,0.629576121013924
"23129",CONTINUOUS,266562,-0.0130886028329219,-0.015451137565663,-0.0107260681001808,1.84370246177762e-27
"23130",CONTINUOUS,266533,-0.0130050854251354,-0.0153592057888046,-0.0106509650614662,2.57937021006446e-27
