varName,varType,n,beta,lower,upper,pvalue
"41286",INTEGER,4957,0.0133504760214669,-0.0106175705649893,0.0373185226079231,0.274890831351941
"90012",CONTINUOUS,48837,8.37707616665564e-05,-0.0085608012630779,0.00872834278641102,0.984846269818543
"90013",CONTINUOUS,48837,-0.000981537990796478,-0.00951009480001658,0.00754701881842363,0.821533149578116
"90019",CONTINUOUS,48837,0.00168915006461938,-0.00709206569747413,0.0104703658267129,0.706155184176128
"90020",CONTINUOUS,48837,0.0013122655812906,-0.00747547014027363,0.0101000013028548,0.769762561078487
"90021",CONTINUOUS,48837,0.00334649479042465,-0.00544040266705545,0.0121333922479047,0.455386005863463
"90022",CONTINUOUS,48837,-0.00152145867219253,-0.0102961831163657,0.00725326577198062,0.73397198137212
"90023",CONTINUOUS,48837,0.00410983994278397,-0.00464814918788776,0.0128678290734557,0.357697370062911
"90024",CONTINUOUS,48837,0.00211835911441055,-0.00657363508973047,0.0108103533185516,0.632878587326582
"90025",CONTINUOUS,48837,0.00178891221888211,-0.00690289867478006,0.0104807231125443,0.686654574418721
"90027",CONTINUOUS,48837,-0.00252800769551605,-0.0114222749937781,0.00636625960274602,0.577466995009852
"90028",CONTINUOUS,48837,0.000610424513910772,-0.00829427326001408,0.00951512228783563,0.893118061648359
"90029",CONTINUOUS,48837,-0.000719562410492896,-0.00962941096967897,0.00819028614869318,0.874227930148362
"90030",CONTINUOUS,48837,0.00782318238670679,-0.00108745935863131,0.0167338241320449,0.085291348958564
"90031",CONTINUOUS,48837,0.00786921566909744,-0.00103860286573056,0.0167770342039254,0.0833714649855795
"90032",CONTINUOUS,48837,0.00874510152254876,-0.000120858119276911,0.0176110611643744,0.0532057319092475
"90033",CONTINUOUS,48837,0.0065861642526214,-0.00210531774301496,0.0152776462482578,0.137485861664057
"90034",CONTINUOUS,48837,0.00350125595528485,-0.00517492166885413,0.0121774335794238,0.428971428142145
"90035",CONTINUOUS,48837,0.00198812291401002,-0.0068658364185295,0.0108420822465495,0.659856944427825
"90036",CONTINUOUS,48837,0.00623448936299396,-0.00264867829023638,0.0151176570162243,0.168952091971064
"90037",CONTINUOUS,48837,0.00201595183139106,-0.0068690485724975,0.0109009522352796,0.656527862984832
"90038",CONTINUOUS,48837,0.00245010505839448,-0.0064574977457525,0.0113577078625415,0.589808845829316
"90039",CONTINUOUS,48837,0.00159517507128176,-0.00729459376980466,0.0104849439123682,0.72506212082153
"90040",CONTINUOUS,48837,0.00101642515841691,-0.00781868360787618,0.00985153392471,0.821601035941135
"90041",CONTINUOUS,48837,0.0020762471949082,-0.00681747380156942,0.0109699681913858,0.647265804587787
"90042",CONTINUOUS,48837,0.00200921955241301,-0.00686504714299511,0.0108834862478211,0.657213921902918
"90043",CONTINUOUS,48837,-0.00280751020833415,-0.0115877118449879,0.00597269142831963,0.530843680002886
"90044",CONTINUOUS,48837,-7.90099070901137e-05,-0.00864727370765158,0.00848925389347135,0.985580115787848
"90045",CONTINUOUS,48837,-0.00255791117220469,-0.0110355457639165,0.00591972341950715,0.554265848197
"90046",CONTINUOUS,48837,-0.00195699822683419,-0.0104810158342787,0.00656701938061029,0.652718088140428
"90047",CONTINUOUS,48837,-0.00265255526746713,-0.011220794733456,0.0059156841985217,0.543999330574363
"90048",CONTINUOUS,48837,0.000999004188583259,-0.00767367356484546,0.00967168194201198,0.821378537316581
"90049",CONTINUOUS,48837,-0.00352455738767612,-0.0123663606763731,0.00531724590102085,0.434624811411192
"90050",CONTINUOUS,48837,-0.00215093098392556,-0.0110693925407729,0.00676753057292181,0.636421738995995
"90087",CONTINUOUS,48837,-0.000831211951466475,-0.00947260297194614,0.00781017906901319,0.850459768289224
"90088",CONTINUOUS,48837,-0.001483100276727,-0.00997002272457965,0.00700382217112565,0.731965102306001
"90089",CONTINUOUS,48837,0.00329983917233394,-0.00547025185499086,0.0120699301996587,0.460836849681508
"90091",CONTINUOUS,48837,-9.58886660941332e-05,-0.00861673903391058,0.00842496170172231,0.982402708833785
"90092",CONTINUOUS,48837,-0.00560721782125279,-0.0145109293853314,0.00329649374282582,0.217081754711381
"90093",CONTINUOUS,48837,-0.00538315514668994,-0.0142243304438671,0.00345802015048721,0.23271885571404
"90094",CONTINUOUS,48837,-0.00405469929514744,-0.0128495175093372,0.00474011891904235,0.366196084996446
"90095",CONTINUOUS,48837,-0.00348237200154891,-0.0122600888090053,0.00529534480590751,0.436812637883441
"90096",CONTINUOUS,48837,-0.00327253683115432,-0.0120445371379989,0.00549946347569024,0.464651687103423
"90097",CONTINUOUS,48837,-0.00255572546338723,-0.0113270092121526,0.00621555828537815,0.56793650426096
"90098",CONTINUOUS,48837,-0.00213161164707949,-0.0109042036197656,0.00664098032560657,0.633895270109689
"90099",CONTINUOUS,48837,-0.00197465946755865,-0.010748259214766,0.00679894027964866,0.659115943972684
"90100",CONTINUOUS,48837,-0.00261646719716549,-0.0113905954922649,0.00615766109793396,0.558899649973318
"90101",CONTINUOUS,48837,-0.00292418667450163,-0.0116986026281594,0.0058502292791561,0.513630855574438
"90102",CONTINUOUS,48837,-0.00318075405024048,-0.0119550520106966,0.00559354391021567,0.477384861851296
"90103",CONTINUOUS,48837,-0.0038016798886113,-0.012576084727248,0.00497272495002537,0.395766834700416
"90104",CONTINUOUS,48837,-0.00334073782249628,-0.0121147809891037,0.0054333053441111,0.455502213432412
"90105",CONTINUOUS,48837,-0.00276242862469482,-0.0115358339168292,0.00601097666743955,0.537147106601525
"90106",CONTINUOUS,48837,-0.00285964468895805,-0.0116331213736742,0.00591383199575808,0.522923219963292
"90107",CONTINUOUS,48837,-0.00262569574104444,-0.0113989104105819,0.006147518928493,0.557472878317653
"90108",CONTINUOUS,48837,-0.00272178005475281,-0.0114943783603062,0.00605081825080058,0.543115959559719
"90109",CONTINUOUS,48837,-0.00231183646378187,-0.0110831321859152,0.00645945925835143,0.605439572727403
"90110",CONTINUOUS,48837,-0.00220400667311714,-0.0109739288071954,0.0065659154609611,0.622312197861556
"90111",CONTINUOUS,48837,-0.00171417390972521,-0.0104836021198773,0.00705525430042685,0.701627463765502
"90112",CONTINUOUS,48837,-0.00123926484977468,-0.0100047514956609,0.00752622179611156,0.781699384509472
"90113",CONTINUOUS,48837,-0.00155247584785281,-0.0103127164989796,0.00720776480327394,0.728329666459827
"90114",CONTINUOUS,48837,-0.001338865993224,-0.01009400216366,0.00741627017721203,0.764382889011223
"90115",CONTINUOUS,48837,-0.00124925697130931,-0.0100004666829318,0.00750195274031319,0.779634688615207
"90116",CONTINUOUS,48837,-0.000606652039001228,-0.00935102444722562,0.00813772036922316,0.891838930242035
"90117",CONTINUOUS,48837,-0.00011607598187749,-0.00885295410614474,0.00862080214238976,0.97922535060342
"90118",CONTINUOUS,48837,0.000683257362144023,-0.0080453293683952,0.00941184409268324,0.878062897656962
"90119",CONTINUOUS,48837,0.00131577129613814,-0.00740423042258542,0.0100357730148617,0.76742333796339
"90120",CONTINUOUS,48837,0.00181709520162844,-0.00689253505297042,0.0105267254562273,0.682601222933952
"90121",CONTINUOUS,48837,0.00198527128379647,-0.00671396893952832,0.0106845115071213,0.654661569126175
"90122",CONTINUOUS,48837,0.00204326821926626,-0.00664502497593559,0.0107315614144681,0.644839614992887
"90123",CONTINUOUS,48837,0.00197442941070222,-0.00670260275498184,0.0106514615763863,0.655603375389069
"90124",CONTINUOUS,48837,0.00212186616622083,-0.00654456160013219,0.0107882939325739,0.631311671920294
"90125",CONTINUOUS,48837,0.00215407761363325,-0.00650081410553949,0.010808969332806,0.625680358214387
"90126",CONTINUOUS,48837,0.0022831839801949,-0.00636079281201959,0.0109271607724094,0.604663281525569
"90127",CONTINUOUS,48837,0.00227949347445997,-0.0063529921589296,0.0109119791078495,0.6047671066018
"90128",CONTINUOUS,48837,0.00266380887423857,-0.00591750490312873,0.0112451226516059,0.542907456237881
"90129",CONTINUOUS,48837,0.00235372195678476,-0.00619416617917834,0.0109016100927479,0.589404028381763
"90130",CONTINUOUS,48837,0.00174493848136342,-0.00679359135177675,0.0102834683145036,0.688753799615433
"90131",CONTINUOUS,48837,0.00117997431052486,-0.00736591773465322,0.00972586635570294,0.786677688855528
"90132",CONTINUOUS,48837,0.000758554384079924,-0.00780107662674199,0.00931818539490184,0.862104875141794
"90133",CONTINUOUS,48837,-0.000411235793514045,-0.0089794668812418,0.00815699529421371,0.925052655199699
"90134",CONTINUOUS,48837,8.06293828500302e-05,-0.00848633917332723,0.00864759793902729,0.98528235825129
"90135",CONTINUOUS,48837,-0.000213937826259333,-0.00877407917227467,0.00834620351975601,0.960931235539721
"90136",CONTINUOUS,48837,-0.000299929219084562,-0.00884983542224704,0.00824997698407791,0.945183407673311
"90187",INTEGER,48837,0.00196338856131405,-0.00692630717071581,0.0108530842933439,0.665096116398617
"90188",CONTINUOUS,48837,-0.00340709748907122,-0.0123285701923189,0.00551437521417647,0.454146578032775
"90190",CONTINUOUS,48837,0.00581120204838773,-0.00310031820212043,0.0147227222988959,0.201211737391023
"90191",CONTINUOUS,48837,-0.00360338323861238,-0.0125227623243263,0.00531599584710155,0.428460743432451
"90192",CONTINUOUS,48837,0.00687842797870161,-0.00200532105193561,0.0157621770093388,0.129126630921265
"90193",CONTINUOUS,48837,-0.00734381453489425,-0.0162178500281393,0.00153022095835078,0.104802970428779
"90194",CONTINUOUS,48837,-0.00478157731968002,-0.0137009066321627,0.00413775199280267,0.293380356560403
"90195",CONTINUOUS,48837,0.00318317149004785,-0.00572585704911421,0.0120922000292099,0.483738860940593
"100001",CONTINUOUS,38037,-0.00235440320685856,-0.0123789733954084,0.00767016698169127,0.645276133223649
"100002",CONTINUOUS,38037,-0.00211759146471804,-0.0118863153289719,0.00765113239953585,0.670926579114134
"100003",CONTINUOUS,38037,-0.00472873847608412,-0.014699590503329,0.00524211355116077,0.352607603707595
"100004",CONTINUOUS,38037,0.00224368042567025,-0.00769084725010976,0.0121782081014503,0.658010206806119
"100005",CONTINUOUS,38037,-0.00506454781739611,-0.0149891027760695,0.00486000714127728,0.317214856215633
"100006",CONTINUOUS,38037,0.00467571382226478,-0.00527777000900008,0.0146291976535296,0.357194561430206
"100007",CONTINUOUS,38037,0.000310239005465977,-0.00971477972772672,0.0103352577386587,0.951633564480463
"100008",CONTINUOUS,38037,-0.00636750870001018,-0.01642165475027,0.00368663735024968,0.214492556533002
"100009",CONTINUOUS,38037,-0.00777515618470495,-0.0178473334904303,0.00229702112102043,0.130280229429726
"100011",CONTINUOUS,38037,-0.010774512821517,-0.0207594783768901,-0.000789547266143921,0.0344353487598826
"100012",CONTINUOUS,38037,-0.00397470006366292,-0.0140039795846391,0.00605457945731323,0.437294986048684
"100013",CONTINUOUS,38037,-0.00310604788217436,-0.0131798901598899,0.00696779439554114,0.545627166044931
"100014",CONTINUOUS,38037,-0.00518433149066293,-0.015217915330721,0.00484925234939512,0.311190107185967
"100015",CONTINUOUS,38037,-0.00767644159970889,-0.0177287359202382,0.00237585272082038,0.134459979404049
"100016",CONTINUOUS,38037,-0.00613292936457197,-0.0161782305789505,0.00391237184980658,0.231450711660968
"100017",CONTINUOUS,38037,-0.00907951352077262,-0.0190531280806808,0.000894101039135559,0.0743802060550867
"100018",CONTINUOUS,36882,0.00196771752117717,-0.00823925245243457,0.0121746874947889,0.705538490265087
"100019",CONTINUOUS,38037,-0.00821225289630007,-0.0182531510261542,0.00182864523355409,0.108928172155885
"100021",CONTINUOUS,38037,0.00144994244475958,-0.00862671517173519,0.0115266000612543,0.777921608853745
"100023",CONTINUOUS,38037,-0.00264311406171473,-0.0124510809223312,0.00716485279890174,0.597363245072133
"100024",CONTINUOUS,38037,-0.00199431695627736,-0.0120456465109117,0.00805701259835697,0.697355849017045
"100025",CONTINUOUS,38037,-0.00675271003325817,-0.0168480263992621,0.00334260633274571,0.189847943779294
