varName,varType,n,beta,lower,upper,pvalue
"24003",CONTINUOUS,268047,0.00269507700494156,-0.00106151181960496,0.00645166582948807,0.159684671441741
"24004",CONTINUOUS,268047,0.00490637826586166,0.00115116329388741,0.00866159323783592,0.01044357917356
"24005",CONTINUOUS,247974,0.00187287485349499,-0.00205621028207888,0.00580195998906885,0.350170951488433
"24006",CONTINUOUS,247974,0.00610566716786213,0.0022044192797579,0.0100069150559664,0.00215905103715029
"24007",CONTINUOUS,247974,0.00161873398337327,-0.00230624265962095,0.00554371062636749,0.418901496694998
"24008",CONTINUOUS,247974,0.00167352457094944,-0.00226161860998922,0.0056086677518881,0.404546115316901
"24010",CONTINUOUS,268047,0.00127537387928475,-0.00250862475464169,0.0050593725132112,0.508871359035289
"24011",INTEGER,268047,0.0015753342250593,-0.00220715029824699,0.00535781874836559,0.414333809103669
"24012",CONTINUOUS,268047,0.00310835085573417,-0.000672828041652084,0.00688952975312042,0.107134560862197
"24016",CONTINUOUS,268047,0.00102012696576985,-0.00276094960371329,0.004801203535253,0.59694686470939
"24017",CONTINUOUS,268047,0.00127495504541302,-0.00249946005014311,0.00504937014096916,0.507935376835941
"24018",CONTINUOUS,268047,0.000419909418255639,-0.00336185127531604,0.00420167011182732,0.827720360829892
"24019",CONTINUOUS,267359,-0.000800830960091502,-0.00450262151648692,0.00290095959630391,0.671556747244495
"24020",CONTINUOUS,268047,0.00197672896687377,-0.0018073192196319,0.00576077715337943,0.305902391986135
"24021",CONTINUOUS,268047,0.00198960191222192,-0.00179445016572081,0.00577365399016465,0.302763878979841
"24022",CONTINUOUS,268047,0.00197431341636025,-0.00180973505717662,0.00575836188989712,0.306493845646048
"24500",CONTINUOUS,234879,0.00256436161002181,-0.00145027355206929,0.0065789967721129,0.210592978674561
"24501",CONTINUOUS,234879,-0.00378576362962143,-0.00781463554555063,0.000243108286307762,0.0655193888995007
"24502",CONTINUOUS,234879,-0.000973860785921622,-0.00501219428461366,0.00306447271277042,0.636459177734751
"24503",CONTINUOUS,234879,0.00254952287185901,-0.00147703315302264,0.00657607889674067,0.214603068034644
"24504",CONTINUOUS,234879,-0.00359156208057488,-0.00762673634058884,0.000443612179439068,0.0810729426343216
"24505",CONTINUOUS,234879,-0.0019528408273249,-0.00598983092431675,0.00208414926966695,0.343073584448052
"24506",CONTINUOUS,269412,0.00115848127335785,-0.0025868603408338,0.00490382288754951,0.544353091469082
"24507",CONTINUOUS,269412,-0.000266085514508229,-0.00402272977652513,0.00349055874750867,0.889587652365657
"24508",CONTINUOUS,269412,0.00240952500812417,-0.0011864353302887,0.00600548534653705,0.18908030491216
"26410",CONTINUOUS,230475,0.0152168108665257,0.0111805705700498,0.0192530511630016,1.48218636208774e-13
"26411",CONTINUOUS,230475,0.0140394111088687,0.00998932270895496,0.0180894995087825,1.0922029673599e-11
"26412",CONTINUOUS,230475,0.0170981744969432,0.013085188047577,0.0211111609463093,6.81227970200334e-17
"26413",CONTINUOUS,230475,0.0158708547261466,0.0119005523755317,0.0198411570767614,4.71629585977644e-15
"26414",CONTINUOUS,230475,0.021071305274659,0.017019779291171,0.025122831258147,2.14544025709989e-24
"26415",CONTINUOUS,230475,-0.00558093904873245,-0.00963660384010481,-0.00152527425736009,0.00699532390566657
"26416",CONTINUOUS,230475,0.00694274379592825,0.00287314003836628,0.0110123475534902,0.000826774739194626
"26417",CONTINUOUS,230475,0.00179776787703673,-0.00226887621764393,0.0058644119717174,0.3862396158255
"26418",CONTINUOUS,13474,0.00401721113036786,-0.0129280882714224,0.0209625105321581,0.642161575672241
"26419",CONTINUOUS,13474,0.00446192218003188,-0.0124808757569482,0.0214047201170119,0.605718223134173
"26420",CONTINUOUS,13474,6.01671435654522e-05,-0.0168836366052819,0.0170039708924128,0.994446533998034
"26421",CONTINUOUS,13474,0.00241675893379066,-0.0145159701012853,0.0193494879688666,0.779662034992601
"26422",CONTINUOUS,13474,-0.00585714498209802,-0.0227791627887742,0.0110648728245781,0.49749498276495
"26423",CONTINUOUS,13474,0.00654478272825066,-0.0103602097371194,0.0234497751936207,0.4479435987163
"26424",CONTINUOUS,13474,0.00393235175423202,-0.013022926626224,0.0208876301346881,0.649400486154629
"26425",CONTINUOUS,13474,0.0066684420708736,-0.0102496758419203,0.0235865599836675,0.439767677203059
"26426",CONTINUOUS,13474,0.00474248504741527,-0.0122133877652379,0.0216983578600684,0.583534262650799
"26427",CONTINUOUS,21221,0.0297309379569368,0.0167018905525573,0.0427599853613164,7.76426165021976e-06
"26428",CONTINUOUS,21221,0.0272755297463091,0.0142225051048001,0.040328554387818,4.22339717313571e-05
"26430",CONTINUOUS,21221,0.0253739518731957,0.0123576259592263,0.0383902777871652,0.000133311983360529
"26431",CONTINUOUS,21221,0.0330879824777611,0.0200159360587826,0.0461600288967397,7.05478104229589e-07
"26432",CONTINUOUS,21221,0.0282713347503604,0.0150379642956215,0.0415047052050993,2.83255725018733e-05
"26433",CONTINUOUS,21221,0.00509374768503985,-0.00837329609615059,0.0185607914662303,0.458474205353357
"26434",CONTINUOUS,19791,0.0194282738490843,0.00560940974550487,0.0332471379526636,0.00586150633294208
"30000",CONTINUOUS,263827,0.0220969095478236,0.0182944759839486,0.0258993431116986,4.77180169786444e-30
"30010",CONTINUOUS,263830,0.0101359653752708,0.00684051565085767,0.0134314150996839,1.65831515123091e-09
"30020",CONTINUOUS,263830,0.0110041127727741,0.00794384827281397,0.0140643772727343,1.8236872980615e-12
"30030",CONTINUOUS,263830,0.0105641376412508,0.00742506126173079,0.0137032140207709,4.23122243288165e-11
"30040",CONTINUOUS,263829,-0.00036624772270641,-0.00415334565781459,0.00342085021240177,0.849663732488497
"30050",CONTINUOUS,263829,0.00070292832455552,-0.00307234922196395,0.004478205871075,0.715162274258375
"30060",CONTINUOUS,263828,0.00162048827798667,-0.00216211007665255,0.0054030866326259,0.40109733236884
"30070",CONTINUOUS,263829,0.00638213091874491,0.00258947990020883,0.010174781937281,0.000973303994398033
"30080",CONTINUOUS,263827,0.00753731923886037,0.0038480853610955,0.0112265531166252,6.2208211084931e-05
"30090",CONTINUOUS,263824,0.0118136538393695,0.00818734543144953,0.0154399622472894,1.71537550785011e-10
"30100",CONTINUOUS,263823,0.00645884095798151,0.00264640364993035,0.0102712782660327,0.000898722855932733
"30110",CONTINUOUS,263823,0.00127149981827116,-0.00249972912265626,0.00504272875919857,0.508728030247112
"30120",CONTINUOUS,263361,0.0135276930246949,0.00973748415634222,0.0173179018930476,2.65186460921476e-12
"30130",CONTINUOUS,263361,0.0161821891954338,0.0124892051531227,0.019875173237745,8.86932832010563e-18
"30140",CONTINUOUS,263361,0.0193576447201921,0.0155486220666171,0.023166667373767,2.28673936052137e-23
"30150",CONTINUOUS,263361,0.00442464025134712,0.000626987230810939,0.0082222932718833,0.0223980890988817
"30180",CONTINUOUS,263364,-0.00501844062195677,-0.00879599789596885,-0.00124088334794469,0.00922013956507297
"30190",CONTINUOUS,263364,0.00126110391068611,-0.00242575856595597,0.00494796638732818,0.502593569426864
"30200",CONTINUOUS,263364,0.00423277645237772,0.000417678359392295,0.00804787454536315,0.0296646243006724
"30210",CONTINUOUS,263364,-0.00258639116773348,-0.00638704302337122,0.00121426068790425,0.182275102106305
"30220",CONTINUOUS,263364,0.000323225367736413,-0.00349314116622507,0.0041395919016979,0.86815787219193
"30240",CONTINUOUS,259553,0.0158111877233921,0.0119722457082675,0.0196501297385168,6.92166601513078e-16
"30250",CONTINUOUS,259553,0.01737832863487,0.0135864345232333,0.0211702227465068,2.66153808029054e-19
"30260",CONTINUOUS,259553,-0.00700229333610259,-0.0108257775104901,-0.00317880916171509,0.00033140366349172
"30270",CONTINUOUS,259553,-0.00796737865193684,-0.0117961101473977,-0.00413864715647596,4.53220414433023e-05
"30280",CONTINUOUS,259553,0.0108135211365281,0.00697890056691851,0.0146481417061377,3.25937474973614e-08
"30290",CONTINUOUS,259553,0.0167244771888462,0.0128870867615495,0.0205618676161429,1.32454651191745e-17
"30300",CONTINUOUS,259553,0.0178771814863764,0.0140669245606426,0.0216874384121101,3.74449928320808e-20
"30500",CONTINUOUS,84407,0.00452067776980334,-0.002210551127145,0.0112519066667517,0.188068168854673
"30510",CONTINUOUS,263839,0.00135053321424646,-0.00222716088336399,0.00492822731185691,0.459382917859705
"30520",CONTINUOUS,263251,0.000356099068199219,-0.00342405226504344,0.00413625040144187,0.853516238468913
"30530",CONTINUOUS,263238,0.00519075875356599,0.00151415987141976,0.00886735763571222,0.00565504874670198
"30600",CONTINUOUS,237519,-0.00343485824827659,-0.00738661514859551,0.000516898652042335,0.0884562171613988
"30610",CONTINUOUS,259228,0.00676793829563022,0.00299433619591576,0.0105415403953447,0.000439492968808897
"30620",CONTINUOUS,259115,0.00595225323572419,0.00231953854602756,0.00958496792542082,0.00132086243088694
"30630",CONTINUOUS,236030,-0.00682737051266462,-0.0105299907363822,-0.00312475028894708,0.000301509014761678
