varName,varType,n,beta,lower,upper,pvalue
"134",INTEGER,271836,0.00431555486885874,-0.00902088855023389,0.0176519982879514,0.525922978662549
"135",INTEGER,271842,0.0112552800680224,0.0040638878236787,0.0184466723123661,0.0021575118731944
"137",INTEGER,271842,0.0137435513985888,0.00670353537837533,0.0207835674188024,0.000130067842229156
"398",INTEGER,271879,-0.00792958231799857,-0.0307895667313904,0.0149304020953932,0.489274757730218
"403",INTEGER,271092,-0.0087597165185472,-0.0202993206401571,0.00277988760306268,0.136909323388592
"709",INTEGER,270282,-0.00293258614697814,-0.0102239217692534,0.00435874947529707,0.430438083456607
"728",CAT-SIN,270121,-0.00288808875985364,-0.00993304788059456,0.00415687036088728,0.42168518875199
"738",CAT-SIN,231879,-0.0158811719509547,-0.023210247764382,-0.00855209613752731,2.16515342444258e-05
"777",INTEGER,147590,0.00399853650091072,-0.00655312776149678,0.0145502007633182,0.457637799049646
"806",CAT-SIN,147492,0.0144605030992594,0.00520900807477236,0.0237119981237465,0.00218671752241786
"816",CAT-SIN,147521,0.00608867923203492,-0.00438865594018499,0.0165660144042548,0.254699749639814
"826",CAT-SIN,147362,0.00934765241626744,-0.00444135276040447,0.0231366575929394,0.18395202158404
"845",INTEGER,188769,-0.0133878862804889,-0.0218309976525368,-0.00494477490844098,0.00188381923707595
"864",INTEGER,266931,0.0103993006047899,0.00342275624560617,0.0173758449639736,0.00348107506342527
"884",INTEGER,257688,0.00718385095361439,0.000415777028559172,0.0139519248786696,0.0374887137735203
"894",INTEGER,200582,0.00351268620705864,-0.00466476619294283,0.0116901386070601,0.399826159187052
"904",INTEGER,257794,0.00604091092843157,-0.000901206263957494,0.0129830281208206,0.0880966521807109
"924",CAT-SIN,270180,-0.00504978211540693,-0.012450716272086,0.00235115204127217,0.181101609241081
"943",CAT-SIN,269419,-0.00646783782909365,-0.0132358640235011,0.000300188365313742,0.0610552447494149
"971",CAT-SIN,192672,0.00654038434714082,-0.00137268971434859,0.0144534584086302,0.105233244007983
"981",CAT-SIN,192565,0.00209543419413834,-0.00590968325277418,0.0101005516410509,0.60798313426192
"991",CAT-SIN,25672,0.0404467217133068,0.0182523625627359,0.0626410808638777,0.000354226330915536
"1001",CAT-SIN,25690,-0.00847019972206119,-0.0308978241305937,0.0139574246864713,0.459221873336793
"1011",CAT-SIN,135047,0.00477094452471591,-0.00471765949621716,0.014259548545649,0.324377452637767
"1021",CAT-SIN,134265,-0.000990899703980697,-0.0105180054793296,0.00853620607136821,0.838473719470421
"1031",CAT-SIN,270452,-0.000598301526567494,-0.00741878595669576,0.00622218290356077,0.863546241612965
"1050",INTEGER,246715,0.00586764026372272,-0.00144903014622963,0.0131843106736751,0.115988309097602
"1060",INTEGER,215679,0.0103352524452669,0.00179773830186668,0.0188727665886671,0.0176565874004329
"1070",INTEGER,258756,0.0103593617100921,0.00273290544706577,0.0179858179731184,0.00775864345091366
"1080",INTEGER,213102,-0.0105713887118532,-0.0184580009213486,-0.00268477650235774,0.00860749898871779
"1090",INTEGER,182770,-0.0114556739652781,-0.0200684559358925,-0.00284289199466372,0.00913616813272117
"1100",CAT-SIN,244512,-0.0125384376026882,-0.0202210868006151,-0.00485578840476116,0.00137975806278983
"1110",CAT-SIN,268280,-0.00835886609690666,-0.0152267143065547,-0.00149101788725862,0.0170532225503516
"1120",CAT-SIN,225846,0.00276116139346472,-0.00474480418692957,0.010267126973859,0.470856310883339
"1130",CAT-SIN,227121,-0.00352045176799013,-0.0149581639472287,0.00791726041124842,0.54635137847235
"1140",CAT-SIN,223685,0.000618394853179952,-0.0074611327282133,0.0086979224345732,0.880760438696133
"1170",CAT-SIN,271540,0.00387569193613159,-0.00329623909558439,0.0110476229678476,0.289527011490942
"1180",CAT-SIN,243022,-0.00522711766946315,-0.0124642668826647,0.00201003154373841,0.15688246705471
"1190",CAT-SIN,271762,-0.0100099156892516,-0.0175503933758099,-0.00246943800269338,0.00927056752053913
"1200",CAT-SIN,271669,-0.00283566392299943,-0.00990714778364329,0.00423581993764442,0.431892156233418
"1220",CAT-SIN,270877,0.00248376139492279,-0.00642852952178579,0.0113960523116314,0.58432010237969
"1239",CAT-SIN,271732,0.00100228665834671,-0.0112594127515461,0.0132639860682395,0.872702173889237
"1249",CAT-SIN,248758,-0.00310987764541011,-0.0103481249435646,0.00412836965274436,0.399729308368874
"1259",CAT-SIN,249359,0.00961158595344561,-0.00343597757867329,0.0226591494855645,0.148778274540086
"1269",INTEGER,244284,0.0247438981129107,0.00756806787648182,0.0419197283493396,0.00474817014549672
"1279",INTEGER,228101,0.00874441783933083,-0.00173657960878101,0.0192254152874427,0.105062708703981
"1289",INTEGER,263706,0.00169149402027424,-0.00557804583564176,0.00896103387619024,0.648343464941516
"1299",INTEGER,255734,-0.00316115212783697,-0.0108402585090428,0.0045179542533689,0.419764423550143
"1309",INTEGER,262286,0.0163540127277744,0.00874095835744856,0.0239670670981003,2.54836829790166e-05
"1319",INTEGER,248579,-0.00674822215868679,-0.0146050363935879,0.00110859207621434,0.0922864672262222
"1329",CAT-SIN,270528,-0.000982276760565857,-0.00787543665112907,0.00591088312999736,0.779966739483637
"1339",CAT-SIN,270828,-0.00460053533007998,-0.0117237577541815,0.00252268709402156,0.205664648184181
"1349",CAT-SIN,271459,0.00105767826209343,-0.00577493142133693,0.00789028794552379,0.7615238567806
"1359",CAT-SIN,271385,0.00131926498837253,-0.00575363697012056,0.00839216694686562,0.714763650244249
"1369",CAT-SIN,270865,-0.00523326508726864,-0.0122721065158831,0.0018055763413458,0.145063347565201
"1379",CAT-SIN,270261,-0.00441216662268749,-0.0117517812787333,0.0029274480333583,0.238721974600769
"1389",CAT-SIN,270360,0.000840820001655796,-0.00653766104064448,0.00821930104395607,0.823293544069728
"1408",CAT-SIN,265339,-0.00995862734979062,-0.0169743426025454,-0.00294291209703587,0.00539916340977002
"1458",INTEGER,260031,-0.0101120612640527,-0.0172499286805112,-0.00297419384759427,0.00549090320361152
"1478",CAT-SIN,271846,0.00122523923004042,-0.00607198512452603,0.00852246358460688,0.742058759107767
"1518",CAT-SIN,269027,0.00599013373711893,-0.00196382225341286,0.0139440897276507,0.139923020849377
"1528",INTEGER,251225,0.00214698146943521,-0.00517564660881028,0.0094696095476807,0.565519669835162
"1548",CAT-SIN,271173,0.000815473528365666,-0.00663885569764731,0.00826980275437865,0.830237216254536
"1558",CAT-SIN,271662,0.00278176989491465,-0.00389181553387532,0.00945535532370461,0.413936216324708
"1568",INTEGER,191627,-0.00330709646044608,-0.0115700583757582,0.00495586545486607,0.432785085879808
"1578",INTEGER,191505,-0.00678893423923997,-0.015262842674667,0.00168497419618702,0.116342844591314
