varName,varType,n,beta,lower,upper,pvalue
"134",INTEGER,271834,-0.00462109930681869,-0.0179792059461524,0.00873700733251501,0.497589595431092
"135",INTEGER,271840,0.0275720265076275,0.0203756746020308,0.0347683784132242,5.89889238984732e-14
"137",INTEGER,271840,0.0266948599011519,0.0196566788070844,0.0337330409952194,1.04961134355322e-13
"398",INTEGER,271729,-0.0253642113956005,-0.0482519225848953,-0.00247650020630577,0.0297545358545023
"403",INTEGER,270929,-0.00519156417271327,-0.0167385368843096,0.00635540853888303,0.378790686842943
"709",INTEGER,270278,-0.0039816219696382,-0.0112770941092949,0.00331385017001845,0.284766536216592
"728",CAT-SIN,270117,-0.00798166123825861,-0.0150258956963659,-0.000937426780151277,0.0263608951772376
"738",CAT-SIN,231740,-0.0297977505848422,-0.037131525323133,-0.0224639758465513,1.66443806786817e-15
"777",INTEGER,147413,0.00579315727335354,-0.00473182514870886,0.0163181396954159,0.280658565689972
"806",CAT-SIN,147369,0.0151643068075032,0.00592122571432876,0.0244073879006777,0.00130150889290338
"816",CAT-SIN,147398,0.0190684466200499,0.00862366051381962,0.0295132327262801,0.00034577891522248
"826",CAT-SIN,147239,0.0191230120375023,0.00536909237659136,0.0328769316984132,0.00642785149246614
"845",INTEGER,188590,-0.0219522570600075,-0.030389892494767,-0.013514621625248,3.40338900357286e-07
"864",INTEGER,266931,0.0132070966659489,0.00623343100277443,0.0201807623291235,0.000205480678673285
"884",INTEGER,257688,0.00531276580687271,-0.00144368747906803,0.0120692190928134,0.123266203970771
"894",INTEGER,199864,0.00624560722473274,-0.001935480890099,0.0144266953395645,0.134575293162208
"904",INTEGER,257794,-0.00395873415398537,-0.0108950755665807,0.00297760725860996,0.263304067413768
"924",CAT-SIN,270172,-0.0124937766767118,-0.0198941578314927,-0.00509339552193087,0.000935924190592973
"943",CAT-SIN,269263,-0.000288287848075246,-0.00706129284741209,0.0064847171512616,0.934304449748557
"971",CAT-SIN,191831,0.00380088011211521,-0.00412802380369937,0.0117297840279298,0.347444072500569
"981",CAT-SIN,191720,0.000361959493723281,-0.00766303978025088,0.00838695876769744,0.92942988631449
"991",CAT-SIN,25422,0.0244248122616532,0.0021536565793042,0.0466959679440022,0.0315711819614603
"1001",CAT-SIN,25440,-0.00380156243188453,-0.0262364206685225,0.0186332958047535,0.739763035210438
"1011",CAT-SIN,133935,0.0100614875383159,0.000494905647092056,0.0196280694295397,0.0392640730218887
"1021",CAT-SIN,133157,0.00398134666633439,-0.00560148199221116,0.01356417532488,0.415462523866897
"1031",CAT-SIN,270302,-0.00269541777086587,-0.00952097695253801,0.00413014141080628,0.438946517148851
"1050",INTEGER,246574,0.0103554802498533,0.00302726579838847,0.0176836947013181,0.00561084451790983
"1060",INTEGER,215563,0.0170240833972252,0.0084736912052289,0.0255744755892215,9.5147781554953e-05
"1070",INTEGER,258756,0.0148585356256652,0.00724192409559294,0.0224751471557375,0.000131458936927759
"1080",INTEGER,212977,-0.0136718077803322,-0.0215625020637824,-0.00578111349688201,0.000683628873758047
"1090",INTEGER,182766,-0.0103475804468279,-0.0189527165662843,-0.0017424443273714,0.0184279729740104
"1100",CAT-SIN,244510,-0.0211588848455746,-0.0288390681413963,-0.0134787015497529,6.66082261325978e-08
"1110",CAT-SIN,268280,-0.014018438259431,-0.0208799588559298,-0.00715691766293225,6.23704996181456e-05
"1120",CAT-SIN,225173,0.0043434146913143,-0.00315544153177983,0.0118422709144084,0.256284568513281
"1130",CAT-SIN,226442,-0.00994936476178125,-0.0213500355637678,0.00145130604020529,0.0871640883317541
"1140",CAT-SIN,223023,0.00740847002087962,-0.000673564392415327,0.0154905044341746,0.0723891241665788
"1170",CAT-SIN,271390,0.00645340643642737,-0.000722245866007279,0.013629058738862,0.0779231197865833
"1180",CAT-SIN,242890,-0.00818728128794319,-0.0154164212009301,-0.000958141374956272,0.0264316158159226
"1190",CAT-SIN,271762,-0.0030128376722297,-0.0105513270480045,0.00452565170354508,0.433424514425106
"1200",CAT-SIN,271669,0.0111584470277906,0.0040803581099367,0.0182365359456444,0.0020020390721474
"1220",CAT-SIN,270877,0.00504384271251633,-0.00387046891730959,0.0139581543423422,0.267338261629677
"1239",CAT-SIN,271732,0.0190475289234183,0.00679740396955997,0.0312976538772766,0.00230593790684982
"1249",CAT-SIN,248646,-0.00309627660533278,-0.0103330275122785,0.00414047430161298,0.401696778304852
"1259",CAT-SIN,249106,0.0170144070786907,0.00395611427351606,0.0300726998838653,0.0106565394020401
"1269",INTEGER,244180,0.0146555912922864,-0.00253535667707385,0.0318465392616466,0.0947427455657991
"1279",INTEGER,228002,0.0227827686501727,0.0122992163889883,0.0332663209113571,2.04863370148277e-05
"1289",INTEGER,263706,0.00238365302064555,-0.00488946823798657,0.00965677427927766,0.520635483850346
"1299",INTEGER,255734,-0.00992554479444943,-0.0175997706024571,-0.00225131898644172,0.0112461750100932
"1309",INTEGER,262286,-0.00117057143593812,-0.0087848147874382,0.00644367191556197,0.763118088883145
"1319",INTEGER,248579,-0.00751194552829102,-0.0153733204683916,0.000349429411809516,0.0610817215723852
"1329",CAT-SIN,270528,-0.00607504073270472,-0.0129686734286601,0.000818591963250641,0.0841067147938673
"1339",CAT-SIN,270828,0.0025331063846118,-0.00458574994455389,0.0096519627137775,0.485406421547924
"1349",CAT-SIN,271459,0.00386112949021412,-0.00298080486121825,0.0107030638416465,0.268693188402012
"1359",CAT-SIN,271385,0.00573233572758675,-0.00133896151952702,0.0128036329747005,0.112120521580115
"1369",CAT-SIN,270865,0.00304228300792017,-0.00399876258642228,0.0100833286022626,0.397060063973297
"1379",CAT-SIN,270261,-0.00395847794815973,-0.0113020049317525,0.00338504903543298,0.290717540291093
"1389",CAT-SIN,270360,0.00570375978012555,-0.00167850251855581,0.0130860220788069,0.130006417435446
"1408",CAT-SIN,265271,-0.0035999940880944,-0.0106159145370874,0.00341592636089857,0.314562993960849
"1458",INTEGER,260028,-0.00950172754196673,-0.0166415148746598,-0.00236194020927369,0.00909605246364274
"1478",CAT-SIN,271846,0.00530613333070425,-0.00198917987137523,0.0126014465327837,0.153985879562391
"1518",CAT-SIN,269027,0.000108755896461738,-0.00784042882724213,0.00805794062016561,0.978582158443081
"1528",INTEGER,251225,0.00303148762465268,-0.00429637904174868,0.010359354291054,0.417454973788987
"1548",CAT-SIN,271023,0.0133665167947774,0.00590936186270179,0.0208236717268531,0.000442668159283918
"1558",CAT-SIN,271662,0.00894425685364387,0.00227577663004263,0.0156127370772451,0.00856681453488297
"1568",INTEGER,191339,-0.00930039601005075,-0.0175541370832672,-0.00104665493683432,0.0272047650795958
"1578",INTEGER,191216,-0.0110606195089616,-0.0195184288981263,-0.0026028101197968,0.0103699945880653
