varName,varType,n,beta,lower,upper,pvalue
"22653",INTEGER,1212,-0.0136407921034178,-0.0696041397967155,0.0423225555898798,0.632584387651967
"22663",INTEGER,45601,0.00172405592405852,-0.00683378525234742,0.0102818971004645,0.692945637963942
"22664",INTEGER,26417,0.00435179285488593,-0.00664845862389129,0.0153520443336631,0.438102047808205
"23000",INTEGER,5207,0.0174416950488185,-0.00995361208638439,0.0448370021840214,0.21203759107294
"23001",INTEGER,5207,0.0103905260581659,-0.0173858460723765,0.0381668981887084,0.463378031432438
"23002",INTEGER,5207,-0.00582481365893249,-0.0332678923945663,0.0216182650767013,0.677353443089373
"23003",INTEGER,5207,0.0152458906866458,-0.0125192091365908,0.0430109905098825,0.28176604441542
"23004",INTEGER,5207,0.0234344381882877,-0.00433368406506872,0.0512025604416441,0.0980936726796189
"23005",INTEGER,5207,0.0243981858854843,-0.00298911586360405,0.0517854876345726,0.0807908916415247
"23006",INTEGER,5207,-0.0109748968329324,-0.0383793189995149,0.0164295253336501,0.43242634755819
"23007",INTEGER,5207,-0.0124457361071874,-0.0398479655806369,0.0149564933662621,0.373293627054731
"23008",INTEGER,5207,-0.00906860563118825,-0.0364875217809766,0.0183503105186001,0.516758253998764
"23009",INTEGER,5207,-0.0158004549883146,-0.0433161728917711,0.0117152629151418,0.260327628655611
"23010",INTEGER,5207,-0.00121243469073018,-0.0289384631660884,0.026513593784628,0.931686365754436
"23011",INTEGER,5207,0.00204564405797268,-0.0257310288012111,0.0298223169171564,0.885208072488737
"23012",INTEGER,5207,0.00710558851559651,-0.0205157768660183,0.0347269538972113,0.614059504306989
"23013",INTEGER,5207,-0.00743211625181361,-0.0347465119386045,0.0198822794349773,0.593764902818336
"23014",INTEGER,5207,0.0370064047925747,0.00930043620902304,0.0647123733761264,0.00885733598497726
"23015",INTEGER,5207,0.0128582138260374,-0.0148356202188708,0.0405520478709456,0.362748166382825
"23017",INTEGER,5207,0.0207829568570294,-0.00698441690618785,0.0485503306202466,0.142352315970493
"23019",INTEGER,5207,0.0064697594449983,-0.0212386098989784,0.034178128788975,0.647152611368657
"23020",INTEGER,5207,0.0135773509729407,-0.0140570428565916,0.041211744802473,0.335494277127569
"23021",INTEGER,5207,0.0120465735532096,-0.0154755324291688,0.039568679535588,0.390884146993444
"23022",INTEGER,5207,0.00334878809583025,-0.0241306192940557,0.0308281954857162,0.811186796006544
"23023",INTEGER,5207,0.0200297677818243,-0.00765118029982598,0.0477107158634745,0.15609060544648
"23024",INTEGER,5207,-0.00491843207688045,-0.0326833062856649,0.022846442131904,0.72839472568747
"23025",INTEGER,5207,0.0120169115477609,-0.0157128704738907,0.0397466935694125,0.395607082297386
"23026",INTEGER,5207,0.0242941720892682,-0.00326209062337088,0.0518504348019073,0.0839853485080509
"23027",INTEGER,5207,0.00914473207551695,-0.0185611297923929,0.0368505939434268,0.51761775116505
"23028",INTEGER,5207,-0.0230227397827871,-0.0506949524789985,0.0046494729134242,0.102944233690372
"23029",INTEGER,5207,0.0174674171733359,-0.0102412803227283,0.0451761146694001,0.216574293183056
"23031",INTEGER,5207,0.020624222603781,-0.0070488872618655,0.0482973324694275,0.144058644577914
"23032",INTEGER,5207,0.0218438680835002,-0.00591474813700611,0.0496024843040064,0.122964871147952
"23033",INTEGER,5207,0.0134387872685536,-0.0142451085540058,0.0411226830911129,0.341313292281549
"23034",INTEGER,5207,0.0031078408854324,-0.024624716040321,0.0308403978111858,0.826118109668298
"23036",INTEGER,5207,-0.0119984835424375,-0.0397016485741246,0.0157046814892496,0.395878420650334
"23037",INTEGER,5207,-0.00370481922072428,-0.0315085313666401,0.0240988929251915,0.793929896526178
"23039",INTEGER,2646,0.0107739054402247,-0.0281391128892123,0.0496869237696617,0.58723919721808
"23040",INTEGER,5207,0.00802058076757649,-0.0195329867553187,0.0355741482904716,0.568254929747145
"23041",INTEGER,5207,0.0269377743088769,-0.000571149441242622,0.0544466980589964,0.0549482568913724
"23042",INTEGER,5207,0.0175013413939868,-0.00990261981623122,0.0449053026042049,0.210623100608137
"23043",INTEGER,5207,0.0173140812571174,-0.0102580044198804,0.0448861669341152,0.218356231828138
"23044",INTEGER,5207,0.0110082246456975,-0.0165482843339049,0.0385647336253,0.433577421330899
"23098",CONTINUOUS,266780,-0.00644113477776295,-0.00977891943031593,-0.00310335012520997,0.000155429806118261
"23099",CONTINUOUS,266620,0.00879525431541488,0.00594651656198279,0.011643992068847,1.43905607678511e-09
"23100",CONTINUOUS,266330,0.00365445297600854,-1.42541944822354e-05,0.00732316014649932,0.0508967952281066
"23101",CONTINUOUS,266754,-0.0129164412131359,-0.0152772408156362,-0.0105556416106357,8.00179154542099e-27
"23102",CONTINUOUS,266777,-0.0127776565159963,-0.0151433710875178,-0.0104119419444749,3.49593937238749e-26
"23104",CONTINUOUS,266777,0.0144243854055757,0.0106649232422535,0.0181838475688979,5.49186187437611e-14
"23106",CONTINUOUS,266754,-0.00331702390980413,-0.0062067657623131,-0.000427282057295157,0.0244638693843187
"23107",CONTINUOUS,266767,-0.00023714382614373,-0.00366532841825397,0.00319104076596651,0.892152911997025
"23108",CONTINUOUS,266764,0.000853798796163586,-0.0026010546313437,0.00430865222367087,0.628124703441008
"23109",CONTINUOUS,266749,-0.00337076689689482,-0.00603679702599891,-0.00070473676779074,0.0132101031773037
"23110",CONTINUOUS,266763,-0.004823488207534,-0.00749545147073625,-0.00215152494433175,0.000402952811732014
"23111",CONTINUOUS,266763,0.0102966426898993,0.00794600332216042,0.0126472820576382,9.10084916072674e-18
"23112",CONTINUOUS,266760,0.00560127077294863,0.00258127230421741,0.00862126924167984,0.00027780284372833
"23113",CONTINUOUS,266754,-0.0111671657897048,-0.0135937934064717,-0.00874053817293791,1.89886497632906e-19
"23114",CONTINUOUS,266754,-0.0110386653472896,-0.0134493702397085,-0.00862796045487072,2.85758851589558e-19
"23115",CONTINUOUS,266749,0.0106887165080308,0.00836900216132369,0.0130084308547379,1.7102845357836e-19
"23116",CONTINUOUS,266747,0.00576714488697949,0.00278179990325221,0.00875248987070677,0.000152933145548548
"23117",CONTINUOUS,266736,-0.0108034218880017,-0.0132424687563453,-0.00836437501965816,3.92965755722145e-18
"23118",CONTINUOUS,266733,-0.0106304077037124,-0.0130530885696012,-0.00820772683782373,8.00632943700516e-18
"23119",CONTINUOUS,266728,0.0104495959877035,0.0075944258196581,0.013304766155749,7.3412764565687e-13
"23120",CONTINUOUS,266707,0.00570511930435537,0.0020082776920786,0.00940196091663214,0.002488941245609
"23121",CONTINUOUS,266705,-0.0110428826377461,-0.0133948108530095,-0.00869095442248269,3.51948409247917e-20
"23122",CONTINUOUS,266701,-0.0107073264853612,-0.0130519548692376,-0.00836269810148476,3.55413725325768e-19
"23123",CONTINUOUS,266687,0.0099383146197035,0.00709365300891042,0.0127829762304966,7.53120370669268e-12
"23124",CONTINUOUS,266660,0.00507460582157266,0.00137627243403285,0.00877293920911248,0.00715971058571946
"23125",CONTINUOUS,266657,-0.00966704131817095,-0.0120689769163621,-0.00726510571997978,3.07531219563456e-15
"23126",CONTINUOUS,266647,-0.00986079277691008,-0.0122528395030195,-0.00746874605080064,6.52239685381342e-16
"23127",CONTINUOUS,266626,0.00635308437448737,0.00293666881085977,0.00976949993811498,0.000267735418687305
"23128",CONTINUOUS,266611,0.000320222161466396,-0.00345528803975494,0.00409573236268773,0.867971139136869
"23129",CONTINUOUS,266562,-0.0140541427206896,-0.0164159031620977,-0.0116923822792816,1.99951365523561e-31
"23130",CONTINUOUS,266533,-0.0138999547084376,-0.0162532850327358,-0.0115466243841394,5.50930258031324e-31
