varName,varType,n,beta,lower,upper,pvalue
"1588",INTEGER,191748,0.0290454594326817,0.0195691016723978,0.0385218171929655,1.8768982251296e-09
"1598",INTEGER,191050,0.00510002701765711,-0.00394445907925917,0.0141445131145734,0.269062630261656
"1608",INTEGER,191673,-0.0153984655153523,-0.0302866145939123,-0.000510316436792384,0.0426363552578972
"1628",CAT-SIN,251316,0.0185012186883672,0.011119487927198,0.0258829494495364,8.98207374243593e-07
"1687",CAT-SIN,267132,0.00762942264867662,0.000394671160262386,0.0148641741370909,0.0387416978546429
"1697",CAT-SIN,267453,-0.047795436452949,-0.055070560055851,-0.040520312850047,5.95903300516072e-38
"1717",CAT-SIN,268307,0.0126742830644964,0.00430587833376313,0.0210426877952297,0.00298947634974808
"1727",CAT-SIN,266422,-0.0116314445649808,-0.0185443277110566,-0.00471856141890508,0.00097417964214017
"1737",INTEGER,202404,-0.00811237915218835,-0.0165996955350182,0.000374937230641461,0.0610056828296351
"1757",CAT-SIN,248460,0.00920501567567876,0.000297540188057589,0.0181124911632999,0.0428161388162081
"1873",INTEGER,267703,0.0125121384872606,0.00553863825311897,0.0194856387214023,0.000437195257595338
"1883",INTEGER,267749,0.0119122327089978,0.00488839795875179,0.0189360674592437,0.000886962389823764
"2050",CAT-SIN,259886,0.0178132466126756,0.00867727322927087,0.0269492199960804,0.000132586442885396
"2060",CAT-SIN,262840,0.0286545264596968,0.0191814385957721,0.0381276143236214,3.05133921936894e-09
"2070",CAT-SIN,261447,0.0173894148839816,0.00869016917595327,0.02608866059201,8.92829732309769e-05
"2080",CAT-SIN,263547,0.0218091808236162,0.0144917577236073,0.0291266039236252,5.15655506833231e-09
"2110",CAT-SIN,263781,-0.00631796664376918,-0.0135576722520132,0.00092173896447481,0.0871846946630323
"2149",INTEGER,221038,-0.00338348032641551,-0.0112497415570695,0.00448278090423847,0.399200198380287
"2178",CAT-SIN,270826,0.0309301161872721,0.0235849443742065,0.0382752880003377,1.52849422217572e-16
"2237",CAT-SIN,271734,0.0219956987313482,0.0127707644131452,0.0312206330495511,2.96117466822278e-06
"2267",CAT-SIN,270087,-0.0149802253206631,-0.0219112595972452,-0.00804919104408105,2.2725518051381e-05
"2277",INTEGER,256899,0.0123151334887998,-0.00639989366235236,0.031030160639952,0.197124979211972
"2296",CAT-SIN,271366,0.0179168448269079,0.00857148991897175,0.0272621997348441,0.000171461126566487
"2306",CAT-SIN,267277,-0.000927603094182672,-0.00830094027059712,0.00644573408223178,0.80523082059037
"2355",INTEGER,62026,-0.00217672731229364,-0.0183632680277529,0.0140098134031656,0.792148114856103
"2375",CAT-SIN,120208,-0.00589526533925807,-0.0203136855356428,0.00852315485712663,0.422943317590144
"2385",CAT-SIN,114897,-0.0134097361422571,-0.0329151275031587,0.00609565521864446,0.177818551164327
"2405",INTEGER,123410,-0.00538466511126577,-0.0170597872923615,0.00629045706982996,0.365859498858751
"2624",CAT-SIN,107085,0.00767288344310827,-0.00307366197999409,0.0184194288662106,0.161686783907095
"2634",CAT-SIN,107243,0.0121487885970824,0.00154852257968999,0.0227490546144747,0.0246825202888957
"2684",INTEGER,89337,0.00841745117099555,-0.00504905145441096,0.021883953796402,0.220493270996667
"2704",INTEGER,113310,0.00698046019606457,-0.00440696368845336,0.0183678840805825,0.229562830915322
"2714",INTEGER,143158,-0.0166756137845425,-0.0263184443637601,-0.0070327832053249,0.000700046524385013
"2734",INTEGER,147319,0.016845968627497,0.00748799640014255,0.0262039408548514,0.000417908822547512
"2744",INTEGER,118766,-0.0221857064851354,-0.0324644050328544,-0.0119070079374164,2.33066755713676e-05
"2887",INTEGER,63834,0.0226717999794003,0.00716424887006431,0.0381793510887364,0.00416117398995851
"2926",INTEGER,61312,0.0062191368285058,-0.00838550183579809,0.0208237754928097,0.401405436501339
"3061",INTEGER,246968,0.00606616115689077,-0.00122522903882739,0.0133575513526089,0.10296316521734
"3077",CAT-SIN,271066,-0.0213117312375596,-0.0309284537478795,-0.0116950087272397,1.40034868445278e-05
"3082",CAT-SIN,179619,0.0799810496408751,-0.0375622644955327,0.197524363777283,0.182437789162913
"3088",CAT-SIN,271615,0.0240063339742068,0.010372482473744,0.0376401854746696,0.000558243499011377
"3137",INTEGER,246968,0.000552924949114596,-0.00848764810197654,0.00959349800020573,0.893722289814629
"3140",CAT-SIN,147296,-0.0367840424491176,-0.193052630002034,0.119484545103799,0.644540613545811
"3426",CAT-SIN,24443,0.0414405512619649,0.0178572908156316,0.0650238117082982,0.000571809174488999
"3456",INTEGER,20442,0.0475791030068633,0.0216323068830072,0.0735258991307195,0.000324515937916212
"3466",CAT-SIN,20501,-0.0477400700965906,-0.0724243359823251,-0.0230558042108561,0.000149802838651594
"3506",CAT-SIN,22205,-0.0214858440257151,-0.0461226909726228,0.0031510029211925,0.0873796693324163
"3637",CAT-SIN,125702,0.00688971430502823,-0.00302522852544272,0.0168046571354992,0.173251594972675
"3647",CAT-SIN,125827,0.013828886112567,0.00379095955327655,0.0238668126718574,0.00693022431791014
"3669",INTEGER,6597,-0.0403775099549156,-0.086104320885353,0.00534930097552187,0.0834762870835266
"3710",INTEGER,23066,0.0151817774163187,-0.0104789471851126,0.0408425020177499,0.246192053787729
"3809",INTEGER,27037,0.00429120277409885,-0.0196969300540082,0.0282793356022059,0.72587923496105
"3829",INTEGER,45401,0.0334648984589936,-0.00093900498398039,0.0678688019019676,0.0565962290414277
"3839",INTEGER,45281,-0.00836138579110169,-0.025653713063071,0.00893094148086758,0.343273865997379
"3849",INTEGER,45128,0.000724055134443935,-0.017772503026746,0.0192206132956339,0.944629356025869
"3972",INTEGER,3217,0.0664548947210154,-0.00409543328653575,0.137005222728566,0.0647856611786051
"3982",INTEGER,3245,0.0120782253462461,-0.0596137761691208,0.0837702268616131,0.741224695946691
"4093",CAT-SIN,86822,0.111023200908021,-0.00231673490027176,0.224363136716315,0.0549523214618912
"4096",CAT-SIN,86837,-0.0351631946284499,-0.136759763777023,0.0664333745201231,0.497489136937762
