varName,varType,n,beta,lower,upper,pvalue
"134",INTEGER,271834,-0.00602518858863232,-0.0193767567099236,0.00732637953265892,0.37631356176653
"135",INTEGER,271840,0.029376628584543,0.0221813832078554,0.0365718739612306,1.21223295321191e-15
"137",INTEGER,271840,0.0319885758056702,0.0249446955513297,0.0390324560600107,5.48543371970578e-19
"398",INTEGER,271729,-0.0180631781177743,-0.040948390315199,0.00482203407965055,0.122572099646295
"403",INTEGER,270929,-0.00970553281725433,-0.0212479717598591,0.00183690612535044,0.0995262208271391
"709",INTEGER,270278,-0.00397740118934427,-0.011273879927164,0.00331907754847547,0.285292546075387
"728",CAT-SIN,270117,-0.0113241243749947,-0.018373463134641,-0.00427478561534835,0.00164051398432937
"738",CAT-SIN,231740,-0.0409746434436116,-0.0483096424929378,-0.0336396443942854,6.63777303501981e-28
"777",INTEGER,147413,0.0123477730118917,0.0018078093467278,0.0228877366770557,0.0216615575835468
"806",CAT-SIN,147369,0.0262802902205749,0.0170286065638467,0.0355319738773031,2.58064000721607e-08
"816",CAT-SIN,147398,0.0284198224576808,0.0179643242258737,0.0388753206894879,9.93179091625117e-08
"826",CAT-SIN,147239,0.0257331956671709,0.0119624425157998,0.0395039488185421,0.000249587058620211
"845",INTEGER,188590,-0.0330585594022787,-0.0414942498125337,-0.0246228689920238,1.56680051266627e-14
"864",INTEGER,266931,0.0213826812081617,0.0144076216774548,0.0283577407388686,1.86704228814218e-09
"884",INTEGER,257688,0.00904952082639036,0.00229021406384697,0.0158088275889337,0.00868797954832683
"894",INTEGER,199864,0.00812601987664654,-6.79112058514977e-05,0.0163199509591446,0.0519251375243079
"904",INTEGER,257794,-0.00342006815934536,-0.0103582653100553,0.00351812899136458,0.333969985021849
"924",CAT-SIN,270172,-0.0257681141995454,-0.0331728929161757,-0.0183633354829152,9.02753052610958e-12
"943",CAT-SIN,269263,-0.0071129716788791,-0.0138868662793033,-0.000339077078454879,0.0395715521393418
"971",CAT-SIN,191831,0.0136263231471556,0.00569264751294,0.0215599987813712,0.000761534262981966
"981",CAT-SIN,191720,-0.000469929854826629,-0.00849984309490634,0.00755998338525308,0.908546663676797
"991",CAT-SIN,25422,0.0227391567443879,0.000348872614661825,0.045129440874114,0.0465066631725254
"1001",CAT-SIN,25440,-0.00803889868725948,-0.0305553819597099,0.014477584585191,0.484197104939669
"1011",CAT-SIN,133935,0.00695866611126242,-0.00259913191195189,0.0165164641344767,0.153579777186849
"1021",CAT-SIN,133157,0.00252848642236302,-0.00705157377960232,0.0121085466243284,0.604943578387474
"1031",CAT-SIN,270302,-0.00791554029753769,-0.0147435788765648,-0.00108750171851062,0.0230684426913293
"1050",INTEGER,246574,0.0204458706453667,0.0131204978112499,0.0277712434794835,4.47922729987575e-08
"1060",INTEGER,215563,0.0262159444436154,0.017657177302405,0.0347747115848258,1.92186228908656e-09
"1070",INTEGER,258756,0.0309543354208442,0.0233314296356192,0.0385772412060691,1.71990819399767e-15
"1080",INTEGER,212977,-0.0255246503622709,-0.0334104428761577,-0.017638857848384,2.23054946357761e-10
"1090",INTEGER,182766,-0.0113200153833215,-0.0199231750955577,-0.0027168556710854,0.00990822582270573
"1100",CAT-SIN,244510,-0.0289474204560709,-0.036640452209304,-0.0212543887028377,1.63375392371405e-13
"1110",CAT-SIN,268280,-0.0166487758735515,-0.0235124909620047,-0.00978506078509836,1.99900445940411e-06
"1120",CAT-SIN,225173,0.00441225839794415,-0.00309517192996849,0.0119196887258568,0.249361802114272
"1130",CAT-SIN,226442,-0.0168393917828258,-0.0282636742208276,-0.00541510934482402,0.00386238425718639
"1140",CAT-SIN,223023,-1.25559499799695e-05,-0.00809811576342377,0.00807300386346383,0.997577518652904
"1170",CAT-SIN,271390,0.00661608199440084,-0.000561433282666096,0.0137935972714678,0.0708124958540734
"1180",CAT-SIN,242890,-0.000222133131362252,-0.0074545868902829,0.00701032062755839,0.951824284782257
"1190",CAT-SIN,271762,0.000219911913423185,-0.00731692125412956,0.00775674508097593,0.954382556062445
"1200",CAT-SIN,271669,0.00882684549360513,0.00175135571280355,0.0159023352744067,0.0144791470796392
"1220",CAT-SIN,270877,0.0098645945235517,0.000949339973334868,0.0187798490737685,0.0301386339715589
"1239",CAT-SIN,271732,0.0274310626681154,0.0151801864550897,0.0396819388811411,1.13999774125208e-05
"1249",CAT-SIN,248646,-0.000961723397034712,-0.00821102222718936,0.00628757543311994,0.794847640433765
"1259",CAT-SIN,249106,0.0155944782608857,0.00252233996346795,0.0286666165583034,0.0193781812447948
"1269",INTEGER,244180,0.0204370279870068,0.00324116617095816,0.0376328898030555,0.0198393379048176
"1279",INTEGER,228002,0.0309845516504398,0.0204889806619929,0.0414801226388867,7.18527683059766e-09
"1289",INTEGER,263706,0.00118864055661322,-0.00608817447041883,0.00846545558364526,0.748843332497184
"1299",INTEGER,255734,-0.00537557031529589,-0.0130568213057305,0.00230568067513877,0.170184387444544
"1309",INTEGER,262286,-0.0022703817934517,-0.00988568472803743,0.00534492114113404,0.558925214152935
"1319",INTEGER,248579,-0.0143693787848479,-0.0222336768193275,-0.00650508075036822,0.00034179450618447
"1329",CAT-SIN,270528,-0.00666993423851551,-0.0135688666800142,0.000228998202983136,0.0581231874274945
"1339",CAT-SIN,270828,0.00299037803330478,-0.00412688818454555,0.0101076442511551,0.410079059254378
"1349",CAT-SIN,271459,0.0113805183303616,0.00454140853120369,0.0182196281295195,0.00110797946880512
"1359",CAT-SIN,271385,0.00634525997374008,-0.000731256831177049,0.0134217767786572,0.078861729484557
"1369",CAT-SIN,270865,0.0068529485143682,-0.000187992068926602,0.013893889097663,0.056417683124166
"1379",CAT-SIN,270261,-0.00141341140339247,-0.00875513163122103,0.00592830882443608,0.705017937924061
"1389",CAT-SIN,270360,0.0070017917535616,-0.000375486546038526,0.0143790700531617,0.0629436169127961
"1408",CAT-SIN,265271,-0.0102656729186646,-0.0172787737905778,-0.00325257204675141,0.00411695607979666
"1458",INTEGER,260028,-0.0171320852820776,-0.0242735977607494,-0.00999057280340584,2.57508136715969e-06
"1478",CAT-SIN,271846,0.00212559048782633,-0.00517286342646589,0.00942404440211855,0.568133275870382
"1518",CAT-SIN,269027,0.0094900315276257,0.00153500109229431,0.0174450619629571,0.0193763199203352
"1528",INTEGER,251225,-0.0023524311259532,-0.00968034440498709,0.00497548215308069,0.529209276408361
"1548",CAT-SIN,271023,0.0168000187442372,0.00934506850909351,0.0242549689793809,1.0004133669254e-05
"1558",CAT-SIN,271662,0.0133670881904955,0.0067026150832862,0.0200315612977048,8.44682101470645e-05
"1568",INTEGER,191339,-0.0138667769719484,-0.0221167311668729,-0.00561682277702388,0.000986022875487692
"1578",INTEGER,191216,-0.0158486008988761,-0.0243091995630588,-0.00738800223469338,0.000240942958917986
