varName,varType,n,beta,lower,upper,pvalue
"100300",CAT-SIN,38011,0.0234600572281553,-0.0238993254799107,0.0708194399362213,0.331586525582468
"100310",CAT-SIN,38004,0.0444043577758297,-0.0342612067766484,0.123069922328308,0.268508375209073
"100330",CAT-SIN,38013,0.0224360884712638,-0.0870825662610648,0.131954743203592,0.687998248652979
"100360",CAT-SIN,38021,-0.0329985593893682,-0.0610546261424068,-0.00494249263632955,0.0211424224907301
"100370",CAT-SIN,38021,0.00660003994206175,-0.0213743874206575,0.034574467304781,0.643798752508406
"100380",CAT-SIN,38021,0.00634831001533309,-0.0326263189163432,0.0453229389470094,0.749591447049052
"100400",CAT-SIN,38021,0.0107385461138599,-0.006990245446142,0.0284673376738619,0.235231386428407
"100410",CAT-SIN,38021,-0.000570900791292573,-0.054804591598972,0.0536627900163869,0.983540447075049
"100420",CAT-SIN,38021,-0.0130249066804521,-0.0591453581262153,0.033095544765311,0.579938967483763
"100430",CAT-SIN,38021,-0.0261203373127611,-0.0629410164081216,0.0107003417825994,0.16439740216925
"100440",CAT-SIN,38021,-0.097967414569888,-0.163022006273543,-0.0329128228662326,0.00315834695466639
"100460",CAT-SIN,38021,0.0122934682294524,-0.00890607864703303,0.0334930151059378,0.255642849464922
"100470",CAT-SIN,38021,0.00619738821944078,-0.0366849843792598,0.0490797608181413,0.776759895402922
"100480",CAT-SIN,38021,-0.0317518047532869,-0.107268291282532,0.0437646817759587,0.409239628484898
"100490",CAT-SIN,38021,-0.02246913978883,-0.0535248708536177,0.00858659127595779,0.156126345762917
"100500",CAT-SIN,38021,0.0189628942731918,-0.0227005190906771,0.0606263076370607,0.372333377506266
"100520",CAT-SIN,38010,-0.0263989120033175,-0.0751603065385116,0.0223624825318767,0.288623919101521
"100530",CAT-SIN,38014,0.0398595659248189,-0.0278661633968065,0.107585295246444,0.248632159565387
"100540",CAT-SIN,38009,0.0188129527053721,-0.068188024174082,0.105813929584826,0.671720080629322
"100550",CAT-SIN,38003,-0.0263310832568186,-0.0756977962228609,0.0230356297092237,0.295820238365112
"100560",CAT-SIN,38021,-0.0345062128678535,-0.104816746176131,0.0358043204404236,0.336114018315122
"100590",CAT-SIN,38021,-0.016626294029322,-0.0431633214014019,0.00991073334275793,0.219427511634311
"100630",CAT-SIN,38016,0.00238691192397043,-0.0563359167828292,0.0611097406307701,0.936485854016151
"100670",CAT-SIN,38021,-0.00483127245243935,-0.0341093926681905,0.0244468477633118,0.746384778287814
"100710",CAT-SIN,38021,-0.00661224874794968,-0.0344763785443569,0.0212518810484576,0.641853523808026
"100720",CAT-SIN,38011,0.0358830097750356,-0.0389860321091734,0.110752051659245,0.347494756678268
"100730",CAT-SIN,38021,-0.000512464355087925,-0.0396952075534043,0.0386702788432284,0.97954336955007
"100740",CAT-SIN,38012,0.0627312918248002,-0.0339047542518766,0.159367337901477,0.203225051338985
"100770",CAT-SIN,38021,-0.0246626415261012,-0.052794058562857,0.00346877551065462,0.0857304848064544
"100800",CAT-SIN,38021,-0.00828655762601581,-0.0360847002912937,0.0195115850392621,0.559040687000063
"100810",CAT-SIN,38021,-0.0147575785711567,-0.0710479209104056,0.0415327637680921,0.60757167259156
"100820",CAT-SIN,38021,-0.0538563175469807,-0.112095077876925,0.00438244278296401,0.0699247123104419
"100830",CAT-SIN,38021,0.00800156875425244,-0.0254181355775075,0.0414212730860124,0.638707809187373
"100840",CAT-SIN,38021,0.00232486015377357,-0.030664541372884,0.0353142616804311,0.890608144301891
"100850",CAT-SIN,38021,-0.00164491475803905,-0.0305025348974238,0.0272127053813457,0.90961258160509
"100860",CAT-SIN,38021,0.0503781946115429,-0.0217241959360751,0.122480585159161,0.170710878702898
"100880",CAT-SIN,38021,-0.0197618365605822,-0.0419882579340696,0.00246458481290526,0.0812794422318652
"100890",CAT-SIN,38021,-0.00398111048723732,-0.0243170704849353,0.0163548495104607,0.700974924413521
"100900",CAT-SIN,38021,-0.0289974418271719,-0.0576567957893534,-0.000338087864990504,0.0473481218528062
"100910",CAT-SIN,38021,0.0198885705380471,-0.0421684106813929,0.0819455517574871,0.529932031942195
"100950",CAT-SIN,38021,0.0107826910366545,-0.00739613290570686,0.0289615149790158,0.244983221535373
"101020",CAT-SIN,38012,-0.008996975621282,-0.0431322715652689,0.0251383203227049,0.605441628850127
"101090",CAT-SIN,38014,-0.00269320909710346,-0.0574772071806948,0.0520907889864879,0.923188064507189
"101160",CAT-SIN,38012,-0.008189987005507,-0.0370979117309142,0.0207179377199002,0.578675797654325
"101230",CAT-SIN,38017,-0.0120218725698039,-0.0858487982073834,0.0618050530677756,0.74951613947187
"101240",CAT-SIN,38020,0.0498803507748602,-0.0256837332055071,0.125444434755227,0.196049110634309
"101250",CAT-SIN,38021,0.0163268110159475,-0.0152403889637703,0.0478940109956652,0.310726725335954
"101260",CAT-SIN,38021,-0.0188886468441706,-0.0732826034811962,0.035505309792855,0.496170088900879
"101270",CAT-SIN,38021,0.0185183178248932,-0.0291479074309679,0.0661845430807543,0.446335710518797
"101310",CAT-SIN,38021,0.00728949446925738,-0.011322326180031,0.0259013151185457,0.442717393145952
"101350",CAT-SIN,38017,-0.0222676732143446,-0.0656995576688515,0.0211642112401624,0.314914020611082
"101390",CAT-SIN,38007,-0.0162052372936833,-0.0971066406875977,0.064696166100231,0.694648620820109
"101430",CAT-SIN,38017,-0.00723795609852909,-0.041820187392991,0.0273442751959328,0.681641942206637
"101470",CAT-SIN,38021,0.0238147243543362,-0.0236190490680829,0.0712484977767553,0.325038705660093
"101510",CAT-SIN,38021,-0.0414682655060425,-0.159346988371785,0.0764104573596995,0.490678744617366
"101550",CAT-SIN,38014,0.0343329739064472,-0.0370014458914957,0.10566739370439,0.344724805694639
"101970",CAT-SIN,38018,-0.0350501074776392,-0.0813230081580608,0.0112227932027824,0.137650154113589
"101980",CAT-SIN,38017,0.00385115872448906,-0.0456659025104734,0.0533682199594515,0.878825875808085
"101990",CAT-SIN,38021,-0.0175571092514769,-0.0839153147352511,0.0488010962322973,0.60403357714144
"102000",CAT-SIN,38021,0.0195297812034972,-0.0330907331788329,0.0721502955858274,0.467003356422672
"102010",CAT-SIN,38014,-0.0529555290376199,-0.200819490287874,0.0949084322126341,0.482859924046513
"102020",CAT-SIN,38014,-0.0710145225254868,-0.21249268350527,0.0704636384542963,0.325069396848712
"102030",CAT-SIN,38021,-0.0319728358625485,-0.0919748121123134,0.0280291403872164,0.296368073662274
"102040",CAT-SIN,38021,-0.04743516275969,-0.13908286910773,0.04421254358835,0.310343029432721
"102050",CAT-SIN,38015,0.018789003319633,-0.0551700553186751,0.092748061957941,0.618608227874943
"102060",CAT-SIN,38017,-0.0545377475664122,-0.123880961415323,0.0148054662824983,0.123313964067898
"102070",CAT-SIN,38012,0.00358261200879383,-0.0466146863024538,0.0537799103200414,0.888737521517465
"102090",CAT-SIN,38021,-0.0146184308625433,-0.0359636512702959,0.00672678954520933,0.179480588879584
"102120",CAT-SIN,38021,0.015016361079766,-0.0170884691014783,0.0471211912610104,0.360222859023657
"102140",CAT-SIN,38020,0.0068232512108785,-0.0453771120737153,0.0590236144954723,0.797675769915805
"102150",CAT-SIN,38018,0.00142556706324263,-0.0697663913108661,0.0726175254373513,0.973280557065725
"102170",CAT-SIN,38020,0.178816091318681,0.0475818638489966,0.310050318788365,0.00756604887446424
"102180",CAT-SIN,38016,-0.00152977022997938,-0.0485407431191465,0.0454812026591877,0.949229412657642
"102190",CAT-SIN,38021,-0.018156767468959,-0.0491290479180386,0.0128155129801207,0.250503423176084
"102200",CAT-SIN,38015,-0.0536107326342218,-0.156852568419177,0.0496311031507337,0.308796967028764
"102210",CAT-SIN,38017,0.00327945325460192,-0.0667872673050948,0.0733461738142987,0.9268913527077
"102220",CAT-SIN,38020,-0.0126059290937517,-0.0794979550361808,0.0542860968486774,0.712223794134621
"102230",CAT-SIN,38021,-0.0102343954408473,-0.0467955908510593,0.0263267999693647,0.583191352196404
"102260",CAT-SIN,38012,0.000437848870328398,-0.0361198271512361,0.0369955248918929,0.981877969350735
"102270",CAT-SIN,38015,-0.0201632260624994,-0.162363986286095,0.122037534161097,0.781127880371394
"102280",CAT-SIN,38020,0.0208330680434225,-0.0191200542012526,0.0607861902880975,0.306781560613661
"102290",CAT-SIN,38006,-0.0195261004948071,-0.06521539170284,0.0261631907132258,0.402225753366861
"102300",CAT-SIN,38013,-0.0323071829429765,-0.145592914353883,0.0809785484679297,0.576081300006928
"102310",CAT-SIN,38021,-0.0235235509663302,-0.0704739180190324,0.023426816086372,0.326116992826669
"102320",CAT-SIN,38013,-0.0127882664577362,-0.136216924267528,0.110640391352056,0.839076035782023
"102330",CAT-SIN,38021,0.0036217703092367,-0.0394329540732731,0.0466764946917465,0.869052202560638
"102340",CAT-SIN,38021,-0.012996118106248,-0.0490458738421793,0.0230536376296834,0.479761736662171
"102350",CAT-SIN,38021,0.0182292548730113,-0.0160327281322758,0.0524912378782983,0.296196870437954
"102360",CAT-SIN,38021,-0.0138064547772462,-0.0392740220334583,0.011661112478966,0.287984103455589
"102370",CAT-SIN,38013,0.00314132805847389,-0.0395244181261773,0.0458070742431251,0.885409991116607
"102380",CAT-SIN,38021,0.028766590346433,-0.0435906982221921,0.101123878915058,0.435805473808788
"102410",CAT-SIN,38021,-0.0123110179675657,-0.065852073692327,0.0412300377571957,0.652426673155369
"102420",CAT-SIN,38015,0.0366041305835622,-0.0808209671483463,0.154029228315471,0.541152784279404
"102430",CAT-SIN,38021,-0.0300969197784415,-0.0979475701844306,0.0377537306275477,0.384524216618039
"102440",CAT-SIN,38021,-0.00420530136900316,-0.045419386155302,0.0370087834172957,0.841523421154613
"102450",CAT-SIN,38021,-0.0070174654520655,-0.0676042181318944,0.0535692872277634,0.820411698704953
"102460",CAT-SIN,38021,0.00517334838728059,-0.0201500739288503,0.0304967707034115,0.68875964898219
"102470",CAT-SIN,38013,0.000734990558389963,-0.105598221044571,0.107068202161351,0.989170349041086
"102480",CAT-SIN,38021,-0.0498679074207133,-0.13350420431182,0.0337683894703938,0.242558844025583
"102490",CAT-SIN,38021,0.0120124325046608,-0.0466518063452716,0.0706766713545931,0.688033564255415
"102500",CAT-SIN,38021,0.0591898046565979,-0.00753791448874454,0.12591752380194,0.0820965111717204
"102530",CAT-SIN,38016,-0.0564883061416786,-0.122737683605298,0.00976107132194066,0.0947299673349886
"102540",CAT-SIN,38018,0.00375326565330267,-0.043659648337907,0.0511661796445123,0.876680440028755
"102620",CAT-SIN,38019,-0.00571205993242927,-0.0472408676844262,0.0358167478195677,0.787383994514888
"102710",CAT-SIN,38021,-0.0435887826420684,-0.0758913540130311,-0.0112862112711056,0.00816650128047264
"102720",CAT-SIN,38021,0.0108345913555271,-0.0603060664980478,0.0819752492091019,0.76546791963092
"102730",CAT-SIN,38021,-0.00699442219401871,-0.0416355239728285,0.0276466795847911,0.692258690128504
"102740",CAT-SIN,38021,0.0138395919810043,-0.0555216901870066,0.0832008741490151,0.696211346200182
"102750",CAT-SIN,38021,-0.0513546121352346,-0.233566928591787,0.130857704321318,0.580672362058405
"102770",CAT-SIN,38021,0.00558981358788714,-0.0675972391467827,0.078776866322557,0.880967198901273
"102780",CAT-SIN,38013,-0.0416792719807051,-0.207616793092835,0.124258249131425,0.622500302201784
"102810",CAT-SIN,38021,-0.0115743935972963,-0.0560518582647854,0.0329030710701929,0.610022364139621
"102820",CAT-SIN,38021,0.000424922102043683,-0.0213198098561463,0.0221696540602337,0.969442640888019
"102830",CAT-SIN,38021,-0.023638901681078,-0.0752010859080832,0.0279232825459272,0.36884944634146
"102840",CAT-SIN,38018,0.026214269500387,-0.0347530914051702,0.0871816304059441,0.399361640465228
"102850",CAT-SIN,38021,-0.018405089798576,-0.0956923578977342,0.0588821783005823,0.64068199106321
"102860",CAT-SIN,38021,0.0070640626497726,-0.0741406928202632,0.0882688181198084,0.864251173558434
"102870",CAT-SIN,38018,0.0271714162046389,-0.0602303233703404,0.114573155779618,0.542272463088739
"102880",CAT-SIN,38020,0.0137560424050376,-0.0807284780565647,0.10824056286664,0.775370417563945
"102890",CAT-SIN,38014,0.000561831835068585,-0.0789208293743012,0.0800444930444383,0.989055800456076
"102900",CAT-SIN,38020,-0.0538764808202566,-0.143762903643512,0.0360099420029992,0.240080450860231
"102910",CAT-SIN,38013,0.0158189097062703,-0.0611873624965837,0.0928251819091244,0.687110539919072
"102940",CAT-SIN,38021,-0.00975990122264385,-0.0392071189470407,0.019687316501753,0.513569150660858
"102950",CAT-SIN,38021,0.00549696116265064,-0.0447091403739818,0.0557030626992831,0.830068667638374
"102960",CAT-SIN,38014,0.00447666054470427,-0.0603072674265262,0.0692605885159347,0.891798466601958
"102970",CAT-SIN,38021,-0.0995213426511434,-0.310180513702985,0.111137828400698,0.354519635392502
"102980",CAT-SIN,38019,-0.00131002223127198,-0.0907437350866625,0.0881236906241186,0.977137968761298
"103010",CAT-SIN,38021,-0.0320713507414197,-0.0702131396174847,0.00607043813464528,0.0993503384622426
"103020",CAT-SIN,38016,-0.0225808994295462,-0.0486358468410502,0.00347404798195771,0.0894081494995805
"103030",CAT-SIN,38015,0.0221267281312843,-0.0181116706301092,0.0623651268926778,0.28110271566338
"103040",CAT-SIN,38018,-0.0126698625602653,-0.0574201973289139,0.0320804722083833,0.578969288056512
"103050",CAT-SIN,38015,0.022208955222668,-0.0310162010681458,0.0754341115134817,0.413459655248196
"103060",CAT-SIN,38016,0.00148024754733901,-0.0223880921599375,0.0253485872546155,0.903300659712941
"103070",CAT-SIN,38021,0.00882470339649823,-0.0271370657716687,0.0447864725646652,0.630576872606143
"103080",CAT-SIN,38021,0.00832679536891945,-0.0204784976075531,0.037132088345392,0.570985625035759
"103090",CAT-SIN,38014,-0.0306430546363342,-0.108765558777069,0.0474794495044003,0.442134871025681
"103100",CAT-SIN,38019,-0.0304809167585013,-0.112128905338414,0.051167071821411,0.464334353293175
"103150",CAT-SIN,38015,-0.00620990681951068,-0.0507466921925112,0.0383268785534898,0.784481451836013
"103160",CAT-SIN,38015,-0.00101864956913467,-0.0336431503404349,0.0316058512021656,0.951764761076792
"103170",CAT-SIN,38021,-0.0258253695783892,-0.0948868670674089,0.0432361279106304,0.463602396668691
"103180",CAT-SIN,38019,0.0580956432809159,-0.008427518266519,0.124618804828351,0.0868876838022547
"103190",CAT-SIN,38014,-0.0319731941395491,-0.0796574770909551,0.0157110888118568,0.188828440156544
"103200",CAT-SIN,38013,-0.016445904701242,-0.0647842813841121,0.031892471981628,0.504827723779003
"103210",CAT-SIN,38016,-0.147062714721318,-0.294515222206539,0.000389792763903773,0.0506176052829478
"103220",CAT-SIN,38016,0.00166748646043078,-0.102769757314291,0.106104730235153,0.975059251018707
"103230",CAT-SIN,38013,-0.0037342823914669,-0.0906720131774475,0.0832034483945137,0.932889138021941
"103260",CAT-SIN,38014,0.0358879163895418,-0.0681815318440389,0.139957364623123,0.499001364503822
"103270",CAT-SIN,38020,0.0268854503024906,-0.113664347596944,0.167435248201925,0.707684298078368
"103280",CAT-SIN,38009,0.0186877499098419,-0.0726642372198032,0.110039737039487,0.688402013206855
"103290",CAT-SIN,38018,-0.0558479952883159,-0.169019562054045,0.0573235714774137,0.333403356303742
"104000",CAT-SIN,38021,0.0271294383166297,-0.0100013652599743,0.0642602418932337,0.152216210447463
"104010",CAT-SIN,38021,-0.0127308898927745,-0.0495656459278897,0.0241038661423407,0.498140546223401
"104020",CAT-SIN,38021,0.00815357376819837,-0.0179715947699624,0.0342787423063591,0.540641455720124
"104030",CAT-SIN,38021,-0.0152789904914024,-0.0380702190796644,0.00751223809685949,0.188988521943416
"104050",CAT-SIN,38021,-0.00591777388094566,-0.0395420637460062,0.0277065159841149,0.729299868925175
"104060",CAT-SIN,38021,0.00549322866928281,-0.0264652997700046,0.0374517571085703,0.73851435091652
"104070",CAT-SIN,38021,-0.030289628974878,-0.0620104354337514,0.0014311774839953,0.0614739531606227
"104080",CAT-SIN,38012,-0.00256506145113686,-0.0449904464137447,0.039860323511471,0.905624109876239
"104090",CAT-SIN,38021,-0.00530670757560551,-0.029476302392243,0.018862887241032,0.666888412343033
"104100",CAT-SIN,38011,0.0494834040447226,-0.00841969775608575,0.107386505845531,0.0939215362880671
"104110",CAT-SIN,38021,0.0337492198636963,-0.0317903407632661,0.0992887804906586,0.312931025791191
"104120",CAT-SIN,38021,-0.00628437943123737,-0.0392073753375676,0.0266386164750928,0.708224430259668
"104130",CAT-SIN,38021,0.0117498341191572,-0.0292830413128347,0.0527827095511491,0.574693324245343
"104140",CAT-SIN,38021,-0.0125802493689964,-0.0411697144868222,0.0160092157488294,0.38850578630955
"104150",CAT-SIN,38010,-0.0610231722875614,-0.139337298632587,0.0172909540574637,0.126701120986619
"104160",CAT-SIN,38021,-0.0169492530320066,-0.053608778392036,0.0197102723280228,0.365445355400043
"104170",CAT-SIN,38021,-0.0180319180142116,-0.0402900647388937,0.00422622871047052,0.112300798613128
"104180",CAT-SIN,38021,-0.0167773505558979,-0.0539290767854757,0.0203743756736799,0.376026674341077
"104190",CAT-SIN,38021,-0.00198084201348598,-0.0398821755063505,0.0359204914793785,0.918376461589597
"104200",CAT-SIN,38016,-0.00446407498440691,-0.0473949307721459,0.038466780803332,0.838510390717264
"104210",CAT-SIN,38021,0.00168961809557971,-0.0268010723909948,0.0301803085821543,0.906673108182328
"104220",CAT-SIN,38021,-0.0127304452067408,-0.0479963409593952,0.0225354505459135,0.479234912143176
"104230",CAT-SIN,38017,-0.045225527820335,-0.096986420433995,0.00653536479332494,0.0868146899870133
"104240",CAT-SIN,38021,0.00958943770661643,-0.0147256380063042,0.033904513419537,0.439501333271062
"104250",CAT-SIN,38021,-0.0196835519577856,-0.0501039987952492,0.0107368948796779,0.20535931475558
"104260",CAT-SIN,38021,-0.0100053979501573,-0.0336463643451938,0.0136355684448792,0.40682511996796
"104270",CAT-SIN,38014,0.006198981142243,-0.0503136932516652,0.0627116555361512,0.829490310319335
"104280",CAT-SIN,38021,0.0115041654085045,-0.0184216703486029,0.0414300011656119,0.45277726148005
"104290",CAT-SIN,38021,-0.0192178563104,-0.0466653276350556,0.00822961501425565,0.169963083624327
"104300",CAT-SIN,38021,-0.0163562098143134,-0.0674340165540092,0.0347215969253824,0.530091919794661
"104310",CAT-SIN,38021,-0.0290993709218739,-0.0946742279706082,0.0364754861268604,0.384158509744837
