varName,varType,n,beta,lower,upper,pvalue
"1588",INTEGER,192037,0.0123907547048269,0.00291927921819391,0.02186223019146,0.0103441676086043
"1598",INTEGER,191337,0.00716869367371772,-0.00186289463988132,0.0162002819873168,0.119773486621583
"1608",INTEGER,191962,-0.0123111981526475,-0.0271635774048781,0.00254118109958323,0.104232599296541
"1628",CAT-SIN,251379,0.00756963863113503,0.000185591618079866,0.0149536856441902,0.0444984236400461
"1687",CAT-SIN,267132,0.0100136763809848,0.00277935155780033,0.0172480012041693,0.00666495993551041
"1697",CAT-SIN,267453,-0.049559485021327,-0.0568379770757776,-0.0422809929668763,1.22462664653257e-40
"1717",CAT-SIN,268307,0.0131175478959801,0.00474534101151749,0.0214897547804428,0.00213330567045892
"1727",CAT-SIN,266568,-0.0145296581934094,-0.0214368942670995,-0.00762242211971928,3.74015117694889e-05
"1737",INTEGER,202513,-0.0101308060677372,-0.0186166261858213,-0.00164498594965307,0.0192830596636232
"1757",CAT-SIN,248596,0.00295127313963511,-0.00595151244354696,0.0118540587228172,0.515867524685698
"1873",INTEGER,267707,0.00887044512724537,0.00189150790291604,0.0158493823515747,0.0127273879435857
"1883",INTEGER,267753,0.00487265015413873,-0.00214886297678866,0.0118941632850661,0.173765052743217
"2050",CAT-SIN,259886,0.00728639428788816,-0.00185030024889083,0.0164230888246671,0.118050167948206
"2060",CAT-SIN,262840,0.0139812036999234,0.00451279944487741,0.0234496079549693,0.00380199067863281
"2070",CAT-SIN,261447,0.00478676294412954,-0.00391379577081816,0.0134873216590772,0.280946096570526
"2080",CAT-SIN,263547,0.0091215537013584,0.00180087429482268,0.0164422331078941,0.0145975291122034
"2110",CAT-SIN,263781,-0.00298592489475079,-0.0102203246406859,0.00424847485118428,0.418560104226115
"2149",INTEGER,221145,0.000614930328701274,-0.00723940419131135,0.0084692648487139,0.878042154230059
"2178",CAT-SIN,270826,0.0157072756014607,0.00835666267652218,0.0230578885263992,2.82000994983944e-05
"2237",CAT-SIN,271734,0.00933840783128982,0.000110844503519791,0.0185659711590598,0.0473053557039085
"2267",CAT-SIN,270236,-0.00773940489083117,-0.0146669784674949,-0.000811831314167476,0.0285460609380158
"2277",INTEGER,257043,0.010425367292536,-0.00829703497416196,0.029147769559234,0.275070147830004
"2296",CAT-SIN,271366,0.0195417108560101,0.0101910456780576,0.0288923760339626,4.1985303142934e-05
"2306",CAT-SIN,267277,0.00533315623045533,-0.00203863019844661,0.0127049426593573,0.156199838465553
"2355",INTEGER,63768,0.0112717674727107,-0.00469253012902837,0.0272360650744498,0.166333962759418
"2375",CAT-SIN,120275,0.0055622500680935,-0.00882612781879388,0.0199506279549809,0.448564878986074
"2385",CAT-SIN,114962,-0.00593001954849386,-0.0253792309766072,0.0135191918796195,0.550121268209874
"2405",INTEGER,123479,-0.0111057345579863,-0.0227367068367155,0.00052523772074285,0.0612753274807009
"2624",CAT-SIN,107897,-0.000430185803209668,-0.0111336362120347,0.0102732646056154,0.937219653633437
"2634",CAT-SIN,108063,0.000240458659723631,-0.0103214091586335,0.0108023264780808,0.964363828807198
"2684",INTEGER,89512,0.00394431254747564,-0.00950803205592539,0.0173966571508767,0.565479946272171
"2704",INTEGER,113325,0.00958224190440736,-0.00182124984399219,0.0209857336528069,0.0995583793993717
"2714",INTEGER,143158,-0.0178778508106061,-0.0275374542049178,-0.00821824741629444,0.000286028929921636
"2734",INTEGER,147319,0.00426294462051784,-0.00511521964050333,0.013641108881539,0.372937178916239
"2744",INTEGER,118768,-0.0222437104151801,-0.0325423895113393,-0.0119450313190209,2.30135351040213e-05
"2887",INTEGER,64080,0.00243434581371563,-0.0130273333902151,0.0178960250176464,0.757637429170579
"2926",INTEGER,61552,0.0115324675656476,-0.00309431236553475,0.0261592474968299,0.122261289947174
"3061",INTEGER,247511,0.00394098266897599,-0.0033431969693706,0.0112251623073226,0.288951201266594
"3077",CAT-SIN,271224,-0.0223772132316754,-0.0319921711085646,-0.0127622553547863,5.07006547668519e-06
"3082",CAT-SIN,179619,-0.0109874993289227,-0.128752421796274,0.106777423138429,0.854982712671469
"3088",CAT-SIN,271621,0.0241301928261754,0.0105195153693728,0.0377408702829779,0.000510930124901211
"3137",INTEGER,247511,0.00203574035330928,-0.00700123365500411,0.0110727143616227,0.336048613870643
"3140",CAT-SIN,147298,-0.0701714567138334,-0.227505793258247,0.0871628798305804,0.382018121966655
"3426",CAT-SIN,24552,0.0325472475987305,0.0089494465448392,0.0561450486526218,0.00685688395126018
"3456",INTEGER,20478,0.0324648023081401,0.00638866992553996,0.0585409346907403,0.014667017260752
"3466",CAT-SIN,20539,-0.0208790204411021,-0.0457505480936324,0.00399250721142812,0.0998718288034006
"3506",CAT-SIN,22249,-0.0153141200681202,-0.0401683335317131,0.00954009339547284,0.227154471207169
"3637",CAT-SIN,126637,0.00873890006950384,-0.00115580547560607,0.0186336056146138,0.0834456421809631
"3647",CAT-SIN,126765,0.00673260647708098,-0.00328838199967667,0.0167535949538386,0.187912489059193
"3669",INTEGER,6637,0.025974901342964,-0.0190416103200318,0.0709914130059598,0.258026772851132
"3710",INTEGER,23069,0.00299620459853985,-0.0228039648278625,0.0287963740249422,0.819941317013086
"3809",INTEGER,27324,0.0119062205055266,-0.0119162132460929,0.035728654257146,0.327279005719266
"3829",INTEGER,45465,0.00770655315501011,-0.0267715321743353,0.0421846384843555,0.661198094227953
"3839",INTEGER,45344,0.00361231944285945,-0.0137095870279164,0.0209342259136353,0.682733240034089
"3849",INTEGER,45191,0.00193964503109348,-0.0165932306317818,0.0204725206939688,0.840769185542617
"3972",INTEGER,3223,0.0771617389715814,0.00604306166842053,0.148280416274742,0.0333420726915863
"3982",INTEGER,3251,0.0429063962065607,-0.0286273619893882,0.11444015440251,0.239673030405369
"4093",CAT-SIN,92356,0.0310541823593549,-0.0786507662385338,0.140759130957244,0.57916616017992
"4096",CAT-SIN,92398,-0.0864086773328685,-0.182835387546332,0.0100180328805951,0.0790178202803487
