varName,varType,n,beta,lower,upper,pvalue
"20240",INTEGER,51864,0.00305175146136554,-0.0122317673095107,0.0183352702322418,0.69551526349481
"20247",INTEGER,23898,-0.00904758664907426,-0.0328705179740779,0.0147753446759293,0.456645531411791
"20248",INTEGER,40039,0.00534952036747456,-0.0129870569255019,0.023686097660451,0.567449498685255
"20262",CAT-SIN,58433,-0.00799130962867229,-0.0256515608047158,0.00966894154737123,0.375123391506032
"20403",CAT-SIN,67254,0.0138049020022622,-0.000807435107091506,0.0284172391116159,0.0640559774508371
"20407",CAT-SIN,39233,-0.0135130598855425,-0.0520005332512117,0.0249744134801266,0.491351003880046
"20408",CAT-SIN,39214,0.0157795889697752,-0.0135510838233348,0.0451102617628853,0.291635004640141
"20409",CAT-SIN,39190,-0.0134176457332321,-0.0385621997726023,0.011726908306138,0.295616418728363
"20412",CAT-SIN,39256,0.0603237980332881,-0.0735075196330801,0.194155115699656,0.376866056843004
"20413",CAT-SIN,39180,0.000567073678702803,-0.0305264214494173,0.0316605688068229,0.971526487274107
"20414",CAT-SIN,73868,0.00640826776496591,-0.00651603100110619,0.019332566531038,0.331135012357171
"20416",CAT-SIN,67413,0.0187782733500646,0.00417699756278007,0.0333795491373491,0.0117087690872812
"20418",CAT-SIN,22973,0.00199499601619065,-0.0215968444986044,0.0255868365309857,0.868348921866619
"20436",CAT-SIN,39283,0.0108915921255951,-0.00751965750752252,0.0293028417587127,0.246279379182378
"20438",CAT-SIN,41232,0.00080081079452926,-0.0163424001776543,0.0179440217667128,0.927059273958028
"20439",CAT-SIN,40602,0.00181745153814974,-0.01701293955655,0.0206478426328495,0.850380571909356
"20440",CAT-SIN,41834,0.0183469534087245,0.000915549202842387,0.0357783576146066,0.0391048372022044
"20442",INTEGER,33431,-0.00066168647463973,-0.0221932722280648,0.0208698992787853,0.951865648738294
"20453",CAT-SIN,73868,0.00884035805461887,-0.00948758668421112,0.0271683027934489,0.344410954743227
"20454",CAT-SIN,14569,-0.0061262514808993,-0.0395302446387161,0.0272777416769175,0.719252688451859
"20458",CAT-SIN,73539,-0.000112829399473076,-0.013749386928708,0.0135237281297618,0.986159520161375
"20459",CAT-SIN,73750,0.0133004387466949,-6.01308234221502e-05,0.026661008316812,0.051033364451667
"20460",CAT-SIN,72199,-0.0119983231366397,-0.0258632098957704,0.00186656362249097,0.0898609532342032
"20462",CAT-SIN,3507,-0.0424568153676479,-0.102453627570342,0.0175399968350465,0.165430667129849
"20465",INTEGER,624,-0.0432003821093887,-0.188815643040296,0.102414878821519,0.560790760493238
"20467",CAT-SIN,3609,-0.0411034799830071,-0.113141285470042,0.030934325504028,0.263243174468082
"20473",INTEGER,1646,0.0522980190096589,-0.0392051068148467,0.143801144834164,0.262426320795197
"20479",CAT-SIN,73431,0.00735928918011336,-0.00818666827518912,0.0229052466354158,0.353484074160521
"20482",CAT-SIN,3152,0.0381321571662775,-0.0287357162561935,0.105000030588748,0.263581372196007
"20485",CAT-SIN,73664,0.0162820231280753,-0.00440940053194694,0.0369734467880976,0.122979591182597
"20487",CAT-SIN,73761,0.0123410794763572,-0.00803417258418006,0.0327163315368945,0.23515222965525
"20488",CAT-SIN,73830,0.0146815513556329,-0.00431687270278817,0.033679975414054,0.129860318700106
"20489",CAT-SIN,73656,-0.00371164691751104,-0.0174322177017959,0.0100089238667738,0.595983702164323
"20490",CAT-SIN,73124,0.0184815171915136,-0.00834331018370999,0.0453063445667372,0.176882256066673
"20491",CAT-SIN,73436,-0.0110716768856022,-0.0306644061030934,0.00852105233188892,0.268023942570442
"20492",CAT-SIN,17213,0.00403015307150709,-0.0237731691555539,0.0318334752985681,0.776328024628438
"20494",CAT-SIN,33693,0.0211044096367349,-0.000373649384321707,0.0425824686577916,0.054102148117172
"20495",CAT-SIN,73837,0.00502956846757137,-0.0126744528989176,0.0227335898340603,0.577837219354422
"20496",CAT-SIN,33700,-0.0040135823974436,-0.025022040890842,0.0169948760959548,0.708142824950181
"20497",CAT-SIN,73864,0.0076763124942993,-0.00834663710120997,0.0236992620898086,0.347725249920181
"20498",CAT-SIN,73860,0.00729649993272591,-0.00739012394197579,0.0219831238074276,0.330166914271972
"20505",CAT-SIN,73569,0.0110040171396901,-0.00516637291669199,0.0271744071960722,0.182238307199016
"20506",CAT-SIN,73650,-0.00231766508499633,-0.0182429835509362,0.0136076533809436,0.775493640366502
"20507",CAT-SIN,73574,0.00908179820536559,-0.00915295854223049,0.0273165549529617,0.329173999245368
"20508",CAT-SIN,73848,0.0308535304727737,0.0121056536690649,0.0496014072764825,0.00125519181896093
"20509",CAT-SIN,73629,0.00198863330349441,-0.0147993072296356,0.0187765738366244,0.816391295009052
"20510",CAT-SIN,73686,0.0102978739200274,-0.00691488876806219,0.027510636608117,0.240871184555854
"20511",CAT-SIN,73857,0.00625755614255153,-0.0124335271652605,0.0249486394503636,0.511704732375838
"20512",CAT-SIN,73554,0.0192003761575992,4.5880695169264e-05,0.0383548716200291,0.0494295901790417
"20513",CAT-SIN,73354,0.022479702869782,-0.0129737247348803,0.0579331304744443,0.213923652571981
"20514",CAT-SIN,73747,0.0121374046737103,-0.0060993190532428,0.0303741284006635,0.192052657125654
"20515",CAT-SIN,73702,0.0116396258603968,-0.00424810133439688,0.0275273530551905,0.151008395003275
"20516",CAT-SIN,73777,0.0111245916342487,-0.0108553597487722,0.0331045430172696,0.321206720076349
"20517",CAT-SIN,73795,0.0075237698276806,-0.00624284633458456,0.0212903859899458,0.284078001635089
"20518",CAT-SIN,73825,0.0357981203821688,0.00546917195672965,0.066127068807608,0.0206768397784344
"20519",CAT-SIN,73799,0.0112954844462136,-0.00254958073177414,0.0251405496242013,0.109799703485251
"20520",CAT-SIN,73625,0.000809447682905279,-0.0145597049832519,0.0161786003490625,0.917716046515008
"20521",CAT-SIN,73751,0.0219098241663237,0.00491096112023223,0.0389086872124152,0.0115222410056648
"20522",CAT-SIN,71953,-0.00212085906803853,-0.0158192666951061,0.0115775485590291,0.76156647816618
"20523",CAT-SIN,73738,0.0249285641939596,0.00295210941660903,0.0469050189713101,0.0261860582914702
"20524",CAT-SIN,73741,0.0359886040473423,0.00389348018070172,0.0680837279139829,0.0279537490978204
"20525",CAT-SIN,72742,-0.0203763966295951,-0.0409127941781183,0.000160000918928063,0.0518050460761903
"20537",CAT-SIN,22753,-0.00708637387844242,-0.0320072053032941,0.0178344575464093,0.577302289045714
"20539",CAT-SIN,22807,-0.00211254639632369,-0.0269478510833203,0.0227227582906729,0.867779293968201
"21025",CAT-SIN,81505,-0.0113430569757714,-0.0239985465461052,0.00131243259456244,0.0789594911991277
"21028",CAT-SIN,44028,-0.00096289110150825,-0.0175880861936786,0.0156623039906621,0.90961484124039
"21029",CAT-SIN,44035,0.0150589629666702,-0.00219277856665597,0.0323107044999964,0.0870928823373859
"21030",CAT-SIN,43992,0.021877502472132,0.00335481529161349,0.0404001896526506,0.0206056643321306
"21031",CAT-SIN,44065,0.01453625009183,-0.00248393346078488,0.0315564336444449,0.0941319528272951
"21032",CAT-SIN,44042,0.0102070690603576,-0.00767906799396225,0.0280932061146775,0.263367996268167
"21033",CAT-SIN,81542,0.00777800726737494,-0.00533391808600272,0.0208899326207526,0.244965856363262
"21034",CAT-SIN,81544,-0.00370838174688202,-0.0166277392619159,0.00921097576815188,0.57375219057905
"21036",CAT-SIN,24027,0.0120810484146176,-0.00994831779114277,0.0341104146203779,0.282418537100029
"21037",CAT-SIN,23876,0.00796569798556256,-0.0142732131117496,0.0302046090828747,0.482633035220742
"21039",CAT-SIN,19108,0.0444661739950231,0.0195811235729981,0.0693512244170482,0.000460828306188756
"21040",CAT-SIN,81144,0.0055347837411311,-0.00646436112555527,0.0175339286078175,0.365945773538268
"21041",CAT-SIN,81134,0.00821085202411076,-0.00450537346161941,0.0209270775098409,0.205673125928156
"21042",INTEGER,81091,-0.00805471079235811,-0.0209926965876165,0.00488327500290026,0.222377643048613
"21043",INTEGER,80431,-0.00411842242361314,-0.0169871115286301,0.00875026668140377,0.530483030430183
"21044",INTEGER,80819,-0.00307729999551407,-0.0173464743112328,0.0111918743202047,0.672592695530492
"21045",INTEGER,3621,0.00749512629357992,-0.151317758705598,0.166308011292758,0.926307322920498
"21047",INTEGER,3294,0.0117400800622319,-0.0534119685351034,0.0768921286595672,0.723958075356378
"21048",CAT-SIN,81570,-0.000761583984240194,-0.0137442000163167,0.0122210320478363,0.908466697737538
"21049",CAT-SIN,81559,0.00728509974164745,-0.00571116677055849,0.0202813662538534,0.271883614911891
"21050",CAT-SIN,14077,-0.00664402209174727,-0.0633757483806034,0.0500877041971089,0.818428810233542
"21051",CAT-SIN,81592,-0.00458152065600189,-0.018870716205643,0.00970767489363927,0.529710258465923
"21052",CAT-SIN,81563,0.0172323194996279,-0.00251572628902018,0.036980365288276,0.0872039221121091
"21053",CAT-SIN,81564,0.011163074417267,-0.00414889309857421,0.0264750419331083,0.153017693026399
"21054",CAT-SIN,81549,-0.00126620502237109,-0.0399028403543054,0.0373704303095632,0.948926478032361
"21055",CAT-SIN,81565,-0.0106896293203449,-0.0255881075811714,0.00420884894048157,0.159634191069742
"21056",CAT-SIN,81568,0.0100302634939029,-0.00455267620266116,0.024613203190467,0.177618190120728
"21057",CAT-SIN,51495,-0.00323792629797324,-0.0256465768563552,0.0191707242604088,0.777016771688967
"21058",CAT-SIN,81501,0.0234040415407332,0.0100643860594636,0.0367436970220027,0.000583863607116484
"21059",CAT-SIN,81565,-0.00890966555497974,-0.0280811088241612,0.0102617777142017,0.362348351901912
"21060",CAT-SIN,81564,0.00332326612784382,-0.00972423717598744,0.0163707694316751,0.617580543320611
"21061",CAT-SIN,81569,-0.00531996099199657,-0.0183912702486688,0.00775134826467568,0.42502047965162
"22032",CAT-SIN,209494,0.0148333613382455,0.00682360775649895,0.0228431149199921,0.00028369156135801
"22039",CONTINUOUS,209494,0.00444187169521155,-0.00347832011873686,0.01236206350916,0.271669757495925
