varName,varType,n,beta,lower,upper,pvalue
"100300",CAT-SIN,38011,-0.0387037498188989,-0.0861687885114175,0.00876128887361972,0.109899921964994
"100310",CAT-SIN,38004,0.0127619423546104,-0.0657744475540435,0.0912983322632644,0.750402278521749
"100330",CAT-SIN,38013,-0.0224328750506973,-0.132459915956758,0.0875941658553637,0.689404714580701
"100360",CAT-SIN,38021,-0.0247915893271357,-0.0529470122693509,0.00336383361507948,0.0843304597864773
"100370",CAT-SIN,38021,0.0257788021915195,-0.00219856434969098,0.05375616873273,0.0709375950503668
"100380",CAT-SIN,38021,0.0189797442150612,-0.0200882570685631,0.0580477454986856,0.341011754603023
"100400",CAT-SIN,38021,0.00670112439347961,-0.0110937533738128,0.0244960021607721,0.460598346969967
"100410",CAT-SIN,38021,-0.0176999391383603,-0.07216719562915,0.0367673173524294,0.524119258857879
"100420",CAT-SIN,38021,0.00842445447358915,-0.0378763462380642,0.0547252551852425,0.721368219198908
"100430",CAT-SIN,38021,0.0124020795487532,-0.024630190192818,0.0494343492903244,0.511586755232882
"100440",CAT-SIN,38021,0.022701127831186,-0.0428120765361555,0.0882143321985275,0.497204046286245
"100460",CAT-SIN,38021,0.00921144803304602,-0.0120362155368992,0.0304591116029912,0.395534992923616
"100470",CAT-SIN,38021,-0.00825373557434598,-0.051292248635648,0.0347847774869561,0.706879067643195
"100480",CAT-SIN,38021,-0.0498313824490678,-0.125696005418955,0.0260332405208196,0.19734311986568
"100490",CAT-SIN,38021,0.00127138874794576,-0.0297772231143851,0.0323200006102766,0.936142641236413
"100500",CAT-SIN,38021,0.0148206245973813,-0.0269722064821655,0.0566134556769281,0.487034349678905
"100520",CAT-SIN,38010,0.026703926729342,-0.0220447316506939,0.0754525851093778,0.282987700337216
"100530",CAT-SIN,38014,0.0421817997929705,-0.025635167645829,0.10999876723177,0.222922692472659
"100540",CAT-SIN,38009,0.0219502595471762,-0.0657376153626085,0.109638134456961,0.623700284644631
"100550",CAT-SIN,38003,0.0285093369212735,-0.0210551441125683,0.0780738179551153,0.259636293506722
"100560",CAT-SIN,38021,0.00246486641728525,-0.0679540159187612,0.0728837487533316,0.945414629464794
"100590",CAT-SIN,38021,9.23160351254316e-06,-0.0265543497839557,0.0265728129909808,0.998809842517697
"100630",CAT-SIN,38016,0.0354440441555641,-0.0234556925101183,0.0943437808212464,0.238298556206296
"100670",CAT-SIN,38021,-0.0229967081124559,-0.0524297369089642,0.00643632068405241,0.125616344011284
"100710",CAT-SIN,38021,0.0132908564460283,-0.0144037549030586,0.0409854677951153,0.346908572385741
"100720",CAT-SIN,38011,0.034784450979547,-0.0403179922056117,0.109886894164706,0.364033347090547
"100730",CAT-SIN,38021,-0.0231769997174355,-0.0624296078015299,0.016075608366659,0.247089835031772
"100740",CAT-SIN,38012,0.0684114219152539,-0.028453851444636,0.165276695275144,0.166410033587885
"100770",CAT-SIN,38021,-0.00525698130963872,-0.033518988393487,0.0230050257742096,0.715418414903345
"100800",CAT-SIN,38021,-0.0169190653116341,-0.0447892272666574,0.0109510966433892,0.234060325529893
"100810",CAT-SIN,38021,0.023216720353288,-0.0330804640335291,0.0795139047401051,0.418804731731612
"100820",CAT-SIN,38021,0.0201127035790894,-0.0380305523985212,0.0782559595566999,0.497945302644044
"100830",CAT-SIN,38021,-0.00958694467201942,-0.0430733474653414,0.0238994581213025,0.57480289841604
"100840",CAT-SIN,38021,-0.00184261678696124,-0.0349203697790116,0.0312351362050891,0.913113874928181
"100850",CAT-SIN,38021,0.00314020075627674,-0.0258130273663433,0.0320934288788967,0.831205012975933
"100860",CAT-SIN,38021,0.0290767367338918,-0.0432979675582901,0.101451441026074,0.431024471482479
"100880",CAT-SIN,38021,0.00529949998170142,-0.0169657783807314,0.0275647783441342,0.640474438730008
"100890",CAT-SIN,38021,-0.000784609858604223,-0.0211539984544473,0.0195847787372389,0.939804427833335
"100900",CAT-SIN,38021,-0.004414338802739,-0.0331216733464842,0.0242929957410062,0.76305830586985
"100910",CAT-SIN,38021,0.0327913072830373,-0.0295249122560571,0.0951075268221318,0.30242771065461
"100950",CAT-SIN,38021,0.00265941442955993,-0.0155665267620729,0.0208853556211927,0.774830951231817
"101020",CAT-SIN,38012,0.00879661113392064,-0.0253132595504098,0.0429064818182511,0.613246279909425
"101090",CAT-SIN,38014,-0.00841453565946132,-0.0631892947078156,0.0463602233888929,0.763320371539142
"101160",CAT-SIN,38012,-0.0262627087156599,-0.0552160958753348,0.00269067844401486,0.0753765862757709
"101230",CAT-SIN,38017,0.00449865935970034,-0.0693441655513008,0.0783414842707014,0.904829976022686
"101240",CAT-SIN,38020,-0.0230847930432161,-0.0987309895886219,0.0525614035021896,0.550416854006874
"101250",CAT-SIN,38021,0.0255183573554513,-0.00622305939840875,0.0572597741093114,0.114939314727845
"101260",CAT-SIN,38021,-0.000968952079282774,-0.0556015239549031,0.0536636197963376,0.972326091430146
"101270",CAT-SIN,38021,0.0140607412337932,-0.0337722930648082,0.0618937755323946,0.564555407285032
"101310",CAT-SIN,38021,0.00630795154717377,-0.0123528830945648,0.0249687861889124,0.507633240114983
"101350",CAT-SIN,38017,0.0234360920342728,-0.0199641385627215,0.0668363226312671,0.289925174385337
"101390",CAT-SIN,38007,0.00516982541907137,-0.0756228193820785,0.0859624702202212,0.900167412333545
"101430",CAT-SIN,38017,-0.0248906468622766,-0.0594889390431858,0.00970764531863254,0.158456645466236
"101470",CAT-SIN,38021,0.0504412126889124,0.00277094165467029,0.0981114837231545,0.0381030998880652
"101510",CAT-SIN,38021,0.00569543912506031,-0.112796383824767,0.124187262074887,0.92500013036532
"101550",CAT-SIN,38014,0.0250738694178463,-0.0465556361004233,0.0967033749361159,0.492960362508752
"101970",CAT-SIN,38018,-0.0170730315136678,-0.0632964217755798,0.0291503587482442,0.469042300979371
"101980",CAT-SIN,38017,-0.0207510222938232,-0.0703837565020007,0.0288817119143544,0.412478604138329
"101990",CAT-SIN,38021,-0.00420019266723326,-0.0706623648301343,0.0622619794956678,0.90140526675019
"102000",CAT-SIN,38021,0.0235035376848691,-0.0291175489681199,0.0761246243378581,0.381415849459607
"102010",CAT-SIN,38014,-0.0394720386390659,-0.18752468512201,0.108580607843878,0.601131762350278
"102020",CAT-SIN,38014,0.026317522835821,-0.115477350638047,0.168112396309688,0.716208246131645
"102030",CAT-SIN,38021,-0.00737623892237617,-0.0674507463368368,0.0526982684920845,0.809909628629777
"102040",CAT-SIN,38021,-0.0186900671270263,-0.110342633882598,0.0729624996285455,0.689394998137929
"102050",CAT-SIN,38015,0.00934022779112256,-0.0646958932908389,0.0833763488730841,0.805179413726049
"102060",CAT-SIN,38017,-0.0615271973734357,-0.131026862547502,0.00797246780063086,0.0825338232678647
"102070",CAT-SIN,38012,-0.00285950947982211,-0.0532517473113537,0.0475327283517095,0.911438958250898
"102090",CAT-SIN,38021,0.00147982592213994,-0.019941255740367,0.0229009075846469,0.892297679281949
"102120",CAT-SIN,38021,0.0100062888174629,-0.022114878197621,0.0421274558325468,0.541670423283885
"102140",CAT-SIN,38020,0.0495449726931578,-0.00268433263843642,0.101774278024752,0.0630395633623302
"102150",CAT-SIN,38018,0.0381286044915191,-0.0332401097037957,0.109497318686834,0.29509976839457
"102170",CAT-SIN,38020,0.00777053092772862,-0.123717971647611,0.139259033503069,0.907792385431588
"102180",CAT-SIN,38016,0.00918418903259205,-0.0378365770650687,0.0562049551302528,0.701844426836346
"102190",CAT-SIN,38021,-0.0117268749927969,-0.0427902211294341,0.0193364711438402,0.458927641278685
"102200",CAT-SIN,38015,0.0216703834575774,-0.0816668358682774,0.125007602783432,0.68113522735089
"102210",CAT-SIN,38017,0.0331415183656823,-0.036972290654064,0.103255327385429,0.354277122711946
"102220",CAT-SIN,38020,-0.104975192536721,-0.172134058359395,-0.0378163267140479,0.00217191884031063
"102230",CAT-SIN,38021,-0.0190326543770554,-0.0556938334485453,0.0176285246944346,0.309089322643357
"102260",CAT-SIN,38012,0.0237164124247612,-0.0128141934944137,0.060247018343936,0.20233048216176
"102270",CAT-SIN,38015,-0.027067950671536,-0.169598293848026,0.115462392504954,0.709625526965654
"102280",CAT-SIN,38020,0.0217745565951423,-0.0182484282027105,0.0617975413929951,0.286311192442961
"102290",CAT-SIN,38006,-0.0167694396240496,-0.0626057572699299,0.0290668780218306,0.473177993104627
"102300",CAT-SIN,38013,-0.079458926867586,-0.193301685504306,0.0343838317691341,0.17107047561128
"102310",CAT-SIN,38021,0.0121796798421813,-0.0349219198973325,0.0592812795816951,0.612211965028632
"102320",CAT-SIN,38013,-0.0463268114841138,-0.17036466354776,0.0777110405795328,0.464048298103093
"102330",CAT-SIN,38021,0.0202898376987345,-0.022862267045644,0.0634419424431131,0.356779882553554
"102340",CAT-SIN,38021,0.011969908173888,-0.0241172746843969,0.0480570910321729,0.515623297920989
"102350",CAT-SIN,38021,0.00246634860574834,-0.0318283079445988,0.0367610051560954,0.886558456072968
"102360",CAT-SIN,38021,-0.00812815947747941,-0.0336415224141286,0.0173852034591698,0.532319334292217
"102370",CAT-SIN,38013,0.0141391355095018,-0.028559025347108,0.0568372963661115,0.516344887135149
"102380",CAT-SIN,38021,0.0056929336512179,-0.0668283883403978,0.0782142556428336,0.877548726051011
"102410",CAT-SIN,38021,-0.00656538213046401,-0.0600924925608138,0.0469617282998858,0.810109795290895
"102420",CAT-SIN,38015,-0.0962229362115138,-0.21389409683266,0.0214482244096323,0.108776550975103
"102430",CAT-SIN,38021,-0.0043962288529286,-0.0723426817023688,0.0635502239965116,0.899095240646239
"102440",CAT-SIN,38021,-0.0412090549609902,-0.082661552280615,0.000243442358634618,0.0512936184874084
"102450",CAT-SIN,38021,-0.0101770465558915,-0.0710913137070098,0.0507372205952269,0.743350574494739
"102460",CAT-SIN,38021,0.0238076264127237,-0.00149343892375484,0.0491086917492022,0.0651159658406528
"102470",CAT-SIN,38013,-0.00259831007237654,-0.109078169579868,0.103881549435115,0.961843353706993
"102480",CAT-SIN,38021,-0.0561395758873688,-0.140087446700694,0.0278082949259563,0.189777050604964
"102490",CAT-SIN,38021,-0.0254615517328726,-0.0843733980708844,0.0334502946051391,0.396865171820499
"102500",CAT-SIN,38021,0.0290866873122831,-0.0377816851826232,0.0959550598071894,0.39396502119457
"102530",CAT-SIN,38016,-0.0116612164675392,-0.0780142042425141,0.0546917713074357,0.730686975966679
"102540",CAT-SIN,38018,-0.0122310225768751,-0.0597854913249729,0.0353234461712226,0.614163814206508
"102620",CAT-SIN,38019,-0.0154478265104119,-0.0571366102684669,0.0262409572476431,0.467592451086464
"102710",CAT-SIN,38021,-0.0259106470457735,-0.0582631418565331,0.00644184776498604,0.116408265238341
"102720",CAT-SIN,38021,0.0223226095662793,-0.0488787947288462,0.0935240138614048,0.538693943039024
"102730",CAT-SIN,38021,-0.0238247162498151,-0.0584813220955224,0.0108318895958923,0.177686117975248
"102740",CAT-SIN,38021,0.0186073068377359,-0.0508668224853472,0.088081436160819,0.598523709770836
"102750",CAT-SIN,38021,0.0121846448886443,-0.170502251024381,0.19487154080167,0.895918272482521
"102770",CAT-SIN,38021,-0.0221785877387342,-0.0956509411050743,0.0512937656276059,0.554034081055794
"102780",CAT-SIN,38013,-0.0670936335014284,-0.233486388407478,0.0992991214046208,0.429133320545729
"102810",CAT-SIN,38021,-0.000747252807507887,-0.0453116776069479,0.0438171719919321,0.973783155113624
"102820",CAT-SIN,38021,0.00320301874675404,-0.0185860932492372,0.0249921307427452,0.773254734823527
"102830",CAT-SIN,38021,0.0239709802845619,-0.0276333237359114,0.0755752843050351,0.362617460832624
"102840",CAT-SIN,38018,-0.0266208974362898,-0.0876451316803201,0.0344033368077406,0.39246291720159
"102850",CAT-SIN,38021,-0.0214429644420077,-0.0991100302151281,0.0562241013311128,0.588371518161565
"102860",CAT-SIN,38021,0.0552155720523766,-0.0261250099118809,0.136556154016634,0.183629156452878
"102870",CAT-SIN,38018,0.0202111908653712,-0.0676623744786969,0.108084756209439,0.652143098252193
"102880",CAT-SIN,38020,-0.0593760982343122,-0.154360492644542,0.0356082961759176,0.220331162422709
"102890",CAT-SIN,38014,-0.0672192427619573,-0.147082810532504,0.0126443250085889,0.0988619642334377
"102900",CAT-SIN,38020,-0.0702321116415638,-0.160543764813319,0.0200795415301919,0.127336430666104
"102910",CAT-SIN,38013,-0.0225250774985372,-0.099854039637577,0.0548038846405025,0.56817547827497
"102940",CAT-SIN,38021,0.024860902066355,-0.00464398986858244,0.0543657940012924,0.0981759580849714
"102950",CAT-SIN,38021,0.0136176982615346,-0.0367418541465323,0.0639772506696014,0.596171868492907
"102960",CAT-SIN,38014,0.0375582254862854,-0.0272632985672362,0.102379749539807,0.256154135999245
"102970",CAT-SIN,38021,0.117439379236382,-0.0927354632815948,0.327614221754358,0.273805839383975
"102980",CAT-SIN,38019,-0.0340459635002653,-0.123813694512967,0.0557217675124361,0.457151079210624
"103010",CAT-SIN,38021,0.00755231770556725,-0.0306027143794051,0.0457073497905396,0.698002495215006
"103020",CAT-SIN,38016,0.0120721655685675,-0.0139991550786617,0.0381434862157967,0.364115817304434
"103030",CAT-SIN,38015,-0.0157276267629266,-0.0560240223639592,0.024568768838106,0.444236838708163
"103040",CAT-SIN,38018,-0.0286011869370847,-0.0734163023421891,0.0162139284680197,0.21091292770532
"103050",CAT-SIN,38015,-0.00340321472938279,-0.0566260062596587,0.0498195768008931,0.900259996984745
"103060",CAT-SIN,38016,-0.0239171813020033,-0.0478307621705981,-3.60043340843705e-06,0.0499187855546721
"103070",CAT-SIN,38021,0.00286495656308537,-0.0330887688600345,0.0388186819862052,0.875869496354267
"103080",CAT-SIN,38021,0.0145740869162672,-0.0142535697911813,0.0434017436237158,0.321748488238002
"103090",CAT-SIN,38014,-0.0495082947626565,-0.12789781299404,0.0288812234687272,0.215701687763917
"103100",CAT-SIN,38019,-0.075644644569483,-0.157494134883337,0.00620484574437138,0.0699546694599421
"103150",CAT-SIN,38015,-0.0124011351133998,-0.0570799538195957,0.0322776835927961,0.586271055082053
"103160",CAT-SIN,38015,0.0127203793625371,-0.0200265909490809,0.0454673496741552,0.446720017701299
"103170",CAT-SIN,38021,0.0458525213554968,-0.0232955441170123,0.115000586828006,0.193801731969183
"103180",CAT-SIN,38019,0.0212457602559413,-0.0451791221297431,0.0876706426416257,0.530764120438722
"103190",CAT-SIN,38014,-0.02023218100691,-0.0680517031645566,0.0275873411507367,0.406876741895251
"103200",CAT-SIN,38013,-0.0232286630042465,-0.0716949730464199,0.0252376470379269,0.347397688644595
"103210",CAT-SIN,38016,-0.0373134597654754,-0.185263806011029,0.110636886480079,0.621021899383913
"103220",CAT-SIN,38016,0.0588449034100383,-0.0455570727101624,0.163246879530239,0.269393906319443
"103230",CAT-SIN,38013,0.0276286757724235,-0.0596044907669272,0.114861842311774,0.534810667846683
"103260",CAT-SIN,38014,0.0101580105566912,-0.0942497947681748,0.114565815881557,0.848758212653703
"103270",CAT-SIN,38020,0.0475763025471287,-0.0931050264629483,0.188257631557206,0.507644295581023
"103280",CAT-SIN,38009,0.0326972742911773,-0.0587905616885722,0.124185110270927,0.483679242502546
"103290",CAT-SIN,38018,0.00467404791747446,-0.108823482392417,0.118171578227366,0.935663519265411
"104000",CAT-SIN,38021,0.0295123203469742,-0.00758376498839943,0.0666084056823479,0.118836369628893
"104010",CAT-SIN,38021,-0.00427452148207145,-0.0411966440986665,0.0326476011345236,0.820562224390897
"104020",CAT-SIN,38021,0.0356083987663002,0.00947284976017946,0.061743947772421,0.00757491843999377
"104030",CAT-SIN,38021,-0.00387979082381189,-0.0267134651548008,0.0189538835071771,0.739325509853452
"104050",CAT-SIN,38021,-0.00892711938562774,-0.042592505320309,0.0247382665490535,0.603276092138391
"104060",CAT-SIN,38021,0.0334650925606925,0.0014925425647811,0.065437642556604,0.0399359872910449
"104070",CAT-SIN,38021,-0.00360739868361456,-0.0354251593907299,0.0282103620235008,0.823895641739393
"104080",CAT-SIN,38012,0.0150047520541518,-0.0275367668941644,0.057546271002468,0.489424028111553
"104090",CAT-SIN,38021,0.000631772950341899,-0.0236499143541045,0.0249134602547883,0.959082694463996
"104100",CAT-SIN,38011,-0.00653170302528826,-0.0648018668239461,0.0517384607733696,0.826182557222932
"104110",CAT-SIN,38021,0.00940420433665663,-0.0562183136505323,0.0750267223238456,0.77828802614566
"104120",CAT-SIN,38021,0.00958071971383223,-0.0234642139364751,0.0426256533641396,0.56873773137523
"104130",CAT-SIN,38021,0.00191371805453245,-0.0393161894625419,0.0431436255716068,0.92754989131399
"104140",CAT-SIN,38021,-0.000355834579310863,-0.029034113961975,0.0283224448033533,0.980575929999002
"104150",CAT-SIN,38010,-0.0464231860891166,-0.125016101332972,0.0321697291547389,0.246955297956024
"104160",CAT-SIN,38021,-0.0235980472459267,-0.0603765606977323,0.0131804662058789,0.208195456015829
"104170",CAT-SIN,38021,-0.0142374410574881,-0.0365452178800743,0.00807033576509811,0.210918658676998
"104180",CAT-SIN,38021,-0.00894431634387004,-0.0461842580721089,0.0282956253843688,0.63750079130732
"104190",CAT-SIN,38021,-0.00722983694791536,-0.045306536571471,0.0308468626756403,0.710141735863754
"104200",CAT-SIN,38016,-0.0183169175064913,-0.0613809097492528,0.0247470747362703,0.404456828045246
"104210",CAT-SIN,38021,-0.00768549456381613,-0.0362676404146917,0.0208966512870595,0.597813698089271
"104220",CAT-SIN,38021,0.00176698542590327,-0.0335979824873075,0.037131953339114,0.921995959368335
"104230",CAT-SIN,38017,-0.000993617326833105,-0.0528828136751893,0.0508955790215231,0.970046199616098
"104240",CAT-SIN,38021,0.00686436648109369,-0.0175486651045318,0.0312773980667192,0.581639733750601
"104250",CAT-SIN,38021,-0.000539314514129519,-0.0309979015764746,0.0299192725482156,0.97225350749523
"104260",CAT-SIN,38021,-0.00989047945278299,-0.0336046712310174,0.0138237123254514,0.413637231276175
"104270",CAT-SIN,38014,0.0116329624501305,-0.0449484041548938,0.0682143290551548,0.687189297086875
"104280",CAT-SIN,38021,0.0145040639965567,-0.0154747359064503,0.0444828638995637,0.339106172712454
"104290",CAT-SIN,38021,-0.0118294657739328,-0.0393691600046632,0.0157102284567975,0.400059156400403
"104300",CAT-SIN,38021,-0.00426561347549072,-0.0555210211546684,0.0469897942036869,0.870250957767922
"104310",CAT-SIN,38021,0.0445806961108499,-0.0210847273195144,0.110246119541214,0.18340623053828
