varName,varType,n,beta,lower,upper,pvalue
"22653",INTEGER,1212,0.010346492505608,-0.044049896422881,0.064742881434097,0.709085563919464
"22663",INTEGER,45601,-0.000446817152445591,-0.00893910390283268,0.00804546959794149,0.917864057666153
"22664",INTEGER,26417,0.00592502218532613,-0.00491766983307497,0.0167677142037272,0.284144415236625
"23000",INTEGER,5207,0.0239230352162469,-0.00326097211042527,0.0511070425429192,0.0845418552591828
"23001",INTEGER,5207,0.000757335652408981,-0.0268099815675967,0.0283246528724146,0.957051060734718
"23002",INTEGER,5207,-0.0192443368720399,-0.0464748871969076,0.00798621345282774,0.165969530013157
"23003",INTEGER,5207,0.023820714417381,-0.0037294489103326,0.0513708777450947,0.0901277974344507
"23004",INTEGER,5207,0.020268126996606,-0.00729132996203102,0.0478275839552429,0.149431026522983
"23005",INTEGER,5207,0.00506456792329884,-0.0221228403533499,0.0322519761999476,0.714981282014157
"23006",INTEGER,5207,-0.000106427894880613,-0.0273048078502584,0.0270919520604971,0.993879644192706
"23007",INTEGER,5207,-0.0155279224001464,-0.0427213067899659,0.0116654619896732,0.263005780708521
"23008",INTEGER,5207,-0.00447836536573091,-0.0316903441733638,0.022733613441902,0.746986213683252
"23009",INTEGER,5207,-0.0148270168215749,-0.0421345879757473,0.0124805543325975,0.287180180484002
"23010",INTEGER,5207,-0.00893707768913516,-0.0364519579079472,0.0185778025296769,0.524307845167943
"23011",INTEGER,5207,-0.0010850477123234,-0.0286512829710654,0.0264811875464186,0.938495206628102
"23012",INTEGER,5207,0.0113644256206392,-0.0160465670938903,0.0387754183351687,0.416382475713655
"23013",INTEGER,5207,-0.00828780745372297,-0.0353950338597686,0.0188194189523227,0.548944129397671
"23014",INTEGER,5207,0.0140657365975142,-0.0134457787645837,0.041577251959612,0.316245896341864
"23015",INTEGER,5207,-0.00424204994235538,-0.031727985018011,0.0232438851333003,0.762235678582968
"23017",INTEGER,5207,-0.00552528676289847,-0.033087556931819,0.0220369834060221,0.694337866571291
"23019",INTEGER,5207,-0.0125315227563741,-0.0400283737158398,0.0149653282030916,0.371657669302375
"23020",INTEGER,5207,-0.00470721029810082,-0.0321343562520944,0.0227199356558927,0.736538257154554
"23021",INTEGER,5207,-0.0041903918486029,-0.0315056484458626,0.0231248647486568,0.763620844613423
"23022",INTEGER,5207,-0.015259062394797,-0.0425272349203033,0.0120091101307093,0.272676220963181
"23023",INTEGER,5207,-0.00894190307952981,-0.0364173453581293,0.0185335391990697,0.523488493517844
"23024",INTEGER,5207,-0.0225144218883026,-0.0500624189498312,0.00503357517322596,0.109169457381442
"23025",INTEGER,5207,-0.0105491733756941,-0.0380692497043568,0.0169709029529686,0.452397149583085
"23026",INTEGER,5207,0.00397369191740471,-0.0233814161447794,0.0313287999795888,0.775826254971387
"23027",INTEGER,5207,-0.0133990497253396,-0.0408936630179457,0.0140955635672665,0.339430507139263
"23028",INTEGER,5207,-0.00248184337148528,-0.0299513221842138,0.0249876354412432,0.859419217977602
"23029",INTEGER,5207,-0.00720581300620865,-0.0347078939614409,0.0202962679490236,0.6075189987705
"23031",INTEGER,5207,4.46478767866296e-05,-0.0274244148289793,0.0275137105825526,0.997457712099277
"23032",INTEGER,5207,-0.00166573940293155,-0.0292202911404084,0.0258888123345453,0.905666414905561
"23033",INTEGER,5207,0.00507525331255077,-0.0224009175258697,0.0325514241509713,0.717278124602928
"23034",INTEGER,5207,-0.0169302521296445,-0.0444489393310333,0.0105884350717442,0.227832026471296
"23036",INTEGER,5207,-0.0100355482723799,-0.0375293461613305,0.0174582496165707,0.474285428426184
"23037",INTEGER,5207,-0.00823437616638736,-0.0358266781242659,0.0193579257914912,0.558540308697056
"23039",INTEGER,2646,0.00128711090645795,-0.0376372141576622,0.040211435970578,0.948306342590108
"23040",INTEGER,5207,-0.00590190279889641,-0.0332470698663835,0.0214432642685907,0.672227180721203
"23041",INTEGER,5207,-0.000317676111082822,-0.0276278375414406,0.026992485319275,0.981807552114301
"23042",INTEGER,5207,0.00480811557605734,-0.02239198328611,0.0320082144382247,0.728950737507971
"23043",INTEGER,5207,0.00970850841342149,-0.0176573689207661,0.0370743857476091,0.486777806505295
"23044",INTEGER,5207,0.0086809167134269,-0.0186673788027407,0.0360292122295945,0.533786199974901
"23098",CONTINUOUS,266780,0.00238328188179704,-0.000954713055586328,0.00572127681918042,0.161696229045037
"23099",CONTINUOUS,266620,0.00300596108244269,0.000156963911135847,0.00585495825374953,0.0386450763320439
"23100",CONTINUOUS,266330,0.00378364820055003,0.000114901838673378,0.00745239456242667,0.0432437710278922
"23101",CONTINUOUS,266754,0.000685717237683507,-0.00167570389702948,0.0030471383723965,0.569259325695615
"23102",CONTINUOUS,266777,0.000749344664396853,-0.00161696346852966,0.00311565279732337,0.534817650188284
"23104",CONTINUOUS,266777,0.00694978269154591,0.00318984501924872,0.0107097203638431,0.000291520172529845
"23106",CONTINUOUS,266754,-0.00561576062928327,-0.00850561657414496,-0.00272590468442159,0.000139702410045051
"23107",CONTINUOUS,266767,-0.00226657112866439,-0.00569491185683479,0.001161769599506,0.195048130551097
"23108",CONTINUOUS,266764,-0.00201389124327306,-0.00546886418726453,0.0014410817007184,0.253263428914184
"23109",CONTINUOUS,266749,-0.00487772533450099,-0.00754384438153702,-0.00221160628746496,0.000336087250139299
"23110",CONTINUOUS,266763,-0.00705943516651442,-0.00973141427184037,-0.00438745606118847,2.24082556093956e-07
"23111",CONTINUOUS,266763,0.00422710146930683,0.00187613128399561,0.00657807165461805,0.000425028907689268
"23112",CONTINUOUS,266760,0.00446891830663046,0.00144881315600596,0.00748902345725497,0.00372935477643754
"23113",CONTINUOUS,266754,-3.95945906163473e-05,-0.00246665418635834,0.00238746500512565,0.974492309701642
"23114",CONTINUOUS,266754,-5.07088529588937e-05,-0.00246183923628033,0.00236042153036254,0.967120149539434
"23115",CONTINUOUS,266749,0.00430424126817334,0.00198416862243119,0.00662431391391548,0.000276765646433182
"23116",CONTINUOUS,266747,0.00454999126513897,0.00156455255942175,0.00753542997085619,0.00281646043325465
"23117",CONTINUOUS,266736,0.000212635726189758,-0.00222682905814535,0.00265210051052487,0.864349031007433
"23118",CONTINUOUS,266733,0.000215510282800705,-0.00220756883330173,0.00263858939890314,0.861613090288024
"23119",CONTINUOUS,266728,0.00366179691839516,0.000806301189897743,0.00651729264689257,0.0119577179102299
"23120",CONTINUOUS,266707,0.0041929732121633,0.000496021299141457,0.00788992512518515,0.0262204713370652
"23121",CONTINUOUS,266705,0.000850925578249186,-0.00150143316273431,0.00320328431923268,0.478333351379141
"23122",CONTINUOUS,266701,0.00107003868427418,-0.00127494895038121,0.00341502631892956,0.37113384087244
"23123",CONTINUOUS,266687,0.00266841252873765,-0.000176498058684315,0.00551332311615961,0.0660080869048358
"23124",CONTINUOUS,266660,0.00319429414885855,-0.000504145931686039,0.00689273422940314,0.0904941683385957
"23125",CONTINUOUS,266657,0.00165008026227925,-0.000752154827756501,0.00405231535231501,0.178209149320812
"23126",CONTINUOUS,266647,0.00146420974479539,-0.000928147830220504,0.00385656731981128,0.230305660117854
"23127",CONTINUOUS,266626,0.00141190088858781,-0.00200473193934018,0.0048285337165158,0.417972042493985
"23128",CONTINUOUS,266611,0.0019844630915712,-0.001791201599643,0.0057601277827854,0.30294141840169
"23129",CONTINUOUS,266562,0.00104234080529199,-0.0013201386306012,0.00340482024118518,0.387175491377031
"23130",CONTINUOUS,266533,0.000998645179264146,-0.00135545054253924,0.00335274090106753,0.405719107923536
